Selection	View	Channel	Begin Time (s)	End Time (s)	Low Freq (Hz)	High Freq (Hz)	Peak Freq (Hz)	Agg Entropy (bits)	Delta Time (s)	IQR BW (Hz)	Peak Freq Contour (Hz)	Center Freq (Hz)	Max Freq (Hz)	Unit Type	Contour	Description (Stimpert)	Description (Dunlop & Fournet)
1	Spectrogram 1	1	0.074288345	0.144206788	40.1	3871.5	156.2	4.895	0.070	968.8	156.2;156.2;156.2;156.2	625.0	156.2	A	0	broadband burst(1-16)	
2	Spectrogram 1	1	0.384551434	0.471949487	60.2	3901.6	156.2	4.279	0.087	906.2	156.2;156.2;156.2;625.0	187.5	156.2	A	0		
3	Spectrogram 1	1	0.799692187	0.878350435	60.2	3069.1	156.2	3.940	0.079	531.2	156.2;156.2;156.2;156.2	156.2	156.2	A	0		
4	Spectrogram 1	1	1.219202843	1.280381480	74.2	2934.4	156.2	3.393	0.061	250.0	156.2;156.2;156.2	156.2	156.2	A	0		
5	Spectrogram 1	1	1.503246516	1.586274666	84.7	3072.1	125.0	2.857	0.083	31.2	93.8;156.2;125.0;125.0;125.0	125.0	125.0	A	0		
6	Spectrogram 1	1	1.704262038	1.796029994	63.6	3760.6	156.2	3.687	0.092	468.8	156.2;156.2;156.2;156.2;125.0	156.2	156.2	A	0		
7	Spectrogram 1	1	1.817879507	1.905277560	53.0	3845.4	156.2	3.677	0.087	218.8	156.2;156.2;156.2;125.0;125.0	156.2	156.2	A	0		
8	Spectrogram 1	1	1.918387268	2.005785322	53.0	3856.0	156.2	4.275	0.087	968.8	156.2;156.2;156.2;125.0;156.2	156.2	156.2	A	0		
9	Spectrogram 1	1	2.023264932	2.093183375	74.2	3792.4	156.2	4.037	0.070	1000.0	156.2;156.2;156.2	156.2	156.2	A	0		
10	Spectrogram 1	1	2.163101817	2.259239676	74.2	3856.0	1062.5	4.965	0.096	1093.8	1062.5;1062.5;156.2;156.2;156.2	1031.2	1062.5	A	0		
11	Spectrogram 1	1	2.289828995	2.420926075	74.2	3845.4	156.2	4.943	0.131	1000.0	156.2;1093.8;156.2;156.2;156.2;125.0;156.2	718.8	156.2	A	0		
12	Spectrogram 1	1	2.473364906	2.595722181	74.2	3760.6	156.2	5.279	0.122	1250.0	187.5;156.2;156.2;156.2;1031.2;125.0;125.0	781.2	156.2	A	0		
13	Spectrogram 1	1	2.977498371	3.078006133	63.6	2976.7	1093.8	5.887	0.101	1187.5	1125.0;1093.8;1093.8;1125.0;125.0	1093.8	1093.8	A	0		
14	Spectrogram 1	1	3.401378930	3.480037177	74.2	3750.0	125.0	4.169	0.079	687.5	125.0;125.0;125.0;125.0	125.0	125.0	A	0		
15	Spectrogram 1	1	3.733491532	3.842739098	53.0	3760.6	125.0	4.118	0.109	812.5	62.5;125.0;125.0;125.0;125.0;125.0	125.0	125.0	A	0		
16	Spectrogram 1	1	3.943246860	4.021905108	53.0	3730.3	125.0	4.424	0.079	937.5	156.2;125.0;125.0;125.0;62.5	156.2	125.0	A	0		
17	Spectrogram 1	1	5.567821039	6.618416892	847.5	11851.7	2500.0	5.502	1.051	1093.8	1625.0;1593.8;1562.5;1562.5;1562.5;1562.5;1562.5;1562.5;1562.5;1562.5;1562.5;1562.5;1531.2;1531.2;1531.2;1531.2;1531.2;1531.2;1531.2;1500.0;1500.0;1500.0;2718.8;2687.5;1312.5;2593.8;2562.5;2531.2;2500.0;2468.8;2468.8;1218.8;1250.0;1250.0;2250.0;2187.5;2156.2;1062.5;1062.5;1031.2;1031.2;1000.0;1000.0;1000.0;968.8;968.8;968.8;2625.0;937.5;968.8;1000.0;1031.2;1031.2;1187.5;2343.8;2312.5;2250.0;2218.8;2187.5;2156.2;2125.0;1031.2;1500.0;1000.0;1312.5	1593.8	2500.0	B	1	downsweep/moan	descending shriek (D)
18	Spectrogram 1	1	8.481214694	9.624510182	868.7	11319.6	1437.5	4.722	1.143	156.2	1156.2;1218.8;1218.8;1312.5;1312.5;1312.5;1343.8;1406.2;1406.2;1406.2;1531.2;1531.2;1531.2;1531.2;1531.2;1531.2;1562.5;1562.5;1562.5;1562.5;1562.5;1562.5;1562.5;1531.2;1531.2;1531.2;1531.2;1531.2;1531.2;1500.0;1500.0;1468.8;1437.5;1437.5;1406.2;1375.0;2656.2;2593.8;2593.8;2500.0;2500.0;1218.8;1218.8;1156.2;1125.0;1093.8;1062.5;1062.5;1031.2;1031.2;1000.0;1000.0;1000.0;1906.2;1406.2;1437.5;2750.0;1343.8;1312.5;968.8;1312.5;1281.2;1218.8;1218.8;1218.8;1250.0;1062.5;1125.0;1281.2;2125.0	1468.8	1437.5	B	1	downsweep	descending shriek
19	Spectrogram 1	1	11.314861285	12.934014895	826.3	10855.2	2531.2	4.973	1.619	1375.0	1031.2;1062.5;1062.5;1062.5;1062.5;1062.5;1062.5;1062.5;1062.5;1406.2;1406.2;1406.2;1406.2;1406.2;1406.2;1406.2;1406.2;1375.0;1375.0;1375.0;2750.0;2750.0;2750.0;2718.8;2718.8;2718.8;2718.8;2718.8;2718.8;2718.8;2687.5;2687.5;2625.0;2593.8;2593.8;2531.2;2531.2;2468.8;1156.2;1156.2;1125.0;1125.0;1125.0;1093.8;1093.8;1062.5;1375.0;1343.8;1343.8;1343.8;1343.8;1343.8;1000.0;1000.0;1000.0;968.8;968.8;968.8;968.8;968.8;1156.2;1156.2;1125.0;1125.0;1125.0;2250.0;2187.5;2156.2;937.5;937.5;968.8;968.8;968.8;968.8;1062.5;1062.5;1062.5;968.8;968.8;968.8;968.8;1843.8;2718.8;937.5;937.5;1375.0;1375.0;937.5;937.5;937.5;937.5;968.8;968.8;968.8;968.8;1312.5;1312.5;1281.2;1281.2;1187.5	2437.5	2531.2	B	1	downsweep	descending shriek
20	Spectrogram 1	1	14.225019882	15.645238247	678.0	12278.4	1406.2	5.148	1.420	281.2	968.8;687.5;1375.0;1437.5;1437.5;1468.8;1500.0;1531.2;1593.8;1593.8;1562.5;1593.8;1593.8;1593.8;1656.2;1656.2;1656.2;1656.2;1625.0;1593.8;1593.8;1593.8;1562.5;1562.5;1531.2;1531.2;1500.0;1500.0;1406.2;1406.2;1406.2;1375.0;1375.0;1343.8;1343.8;1312.5;1312.5;1281.2;2562.5;2500.0;2500.0;2468.8;2468.8;2437.5;2437.5;1125.0;1125.0;1125.0;1093.8;1093.8;1093.8;1062.5;1062.5;1375.0;1625.0;1625.0;1625.0;1625.0;1593.8;1625.0;1625.0;1625.0;2500.0;1625.0;1625.0;812.5;812.5;812.5;812.5;812.5;812.5;2187.5;2187.5;812.5;1625.0;1625.0;1625.0;1625.0;1593.8;1625.0;812.5;1125.0;1625.0;812.5;781.2;1625.0;812.5	1468.8	1406.2	B	1	downsweep	descending shriek
21	Spectrogram 1	1	18.217675013	19.738401139	449.4	7011.2	687.5	3.634	1.521	125.0	562.5;562.5;531.2;531.2;531.2;531.2;531.2;562.5;562.5;593.8;593.8;593.8;625.0;625.0;593.8;593.8;593.8;593.8;625.0;625.0;625.0;656.2;656.2;656.2;687.5;687.5;687.5;687.5;718.8;781.2;781.2;781.2;781.2;781.2;750.0;750.0;750.0;750.0;750.0;750.0;750.0;625.0;625.0;656.2;656.2;656.2;656.2;687.5;687.5;718.8;687.5;781.2;781.2;781.2;781.2;781.2;1000.0;1000.0;1000.0;1000.0;1031.2;1031.2;1031.2;750.0;750.0;750.0;718.8;875.0;875.0;593.8;625.0;593.8;625.0;625.0;593.8;625.0;593.8;593.8;593.8;593.8;656.2;625.0;1000.0;625.0;625.0;656.2;656.2;625.0;656.2;687.5;656.2;718.8;687.5;687.5;656.2	687.5	687.5	C	1	upsweep /moan	ascending shriek (D)
22	Spectrogram 1	1	21.749895518	23.414828433	1078.7	9886.7	1406.2	2.992	1.665	31.2	1375.0;1343.8;1375.0;1375.0;1375.0;1375.0;1375.0;1375.0;1375.0;1375.0;1375.0;1406.2;1406.2;1406.2;1406.2;1406.2;1406.2;1406.2;1406.2;1406.2;1406.2;1406.2;1406.2;1406.2;1406.2;1406.2;1375.0;1375.0;1375.0;1375.0;1375.0;1375.0;1312.5;1281.2;1281.2;1281.2;2562.5;2531.2;2531.2;2531.2;2531.2;2531.2;2531.2;2531.2;2531.2;2531.2;2531.2;2531.2;2500.0;1375.0;1375.0;1187.5;1187.5;1187.5;1156.2;1312.5;1312.5;1281.2;1250.0;1281.2;1281.2;1250.0;1250.0;1250.0;1250.0;1250.0;1250.0;1250.0;1250.0;1250.0;1250.0;1250.0;1187.5;1187.5;1187.5;1187.5;1406.2;1406.2;1156.2;1375.0;1187.5;1375.0;1406.2;1406.2;1406.2;1406.2;1406.2;1406.2;1406.2;1312.5;1375.0;1375.0;1375.0;1125.0;1343.8;1312.5;1312.5;1281.2;1406.2;1281.2;1250.0;1250.0;1406.2;1093.8	1406.2	1406.2	B	1	downsweep	descending shriek
23	Spectrogram 1	1	24.566377069	26.296858523	1198.5	12676.3	1375.0	3.414	1.730	93.8	1406.2;1406.2;1406.2;1375.0;1375.0;1375.0;1375.0;1343.8;1343.8;1343.8;1343.8;1343.8;1343.8;1343.8;1375.0;1343.8;1375.0;1375.0;1375.0;1375.0;1375.0;1375.0;1375.0;1375.0;1375.0;1375.0;1375.0;1375.0;1343.8;1343.8;1343.8;1343.8;1343.8;1343.8;1343.8;1343.8;1343.8;2687.5;1343.8;1343.8;1343.8;1343.8;1375.0;1375.0;1375.0;1375.0;1375.0;1375.0;1375.0;1343.8;1312.5;1312.5;1312.5;1312.5;1312.5;1312.5;1281.2;1281.2;1281.2;1343.8;1343.8;1343.8;1343.8;1343.8;1343.8;1343.8;1343.8;2656.2;1343.8;1375.0;1375.0;1312.5;1312.5;1312.5;1312.5;1343.8;1375.0;1312.5;1281.2;1375.0;1375.0;1375.0;1375.0;1375.0;1375.0;1375.0;1375.0;1343.8;1375.0;1343.8;1375.0;1343.8;1312.5;1375.0;1343.8;1343.8;1406.2;1375.0;1250.0;1312.5;1343.8;1343.8;1343.8;1343.8;1343.8;1343.8;1343.8;1250.0	1375.0	1375.0	B	1	tone	modulated cry (D)
24	Spectrogram 1	1	26.977382753	28.790892358	1228.5	13783.6	1375.0	2.959	1.814	62.5	1656.2;1343.8;3250.0;1593.8;1593.8;1593.8;1562.5;1531.2;1468.8;1437.5;1406.2;1406.2;1406.2;1375.0;1375.0;1375.0;1375.0;1343.8;1343.8;1375.0;1375.0;1375.0;1375.0;1375.0;1375.0;1375.0;1375.0;1375.0;1375.0;1375.0;1375.0;1375.0;1375.0;1375.0;1375.0;1375.0;1375.0;1375.0;1375.0;2718.8;1343.8;2687.5;2687.5;1343.8;2656.2;1343.8;1343.8;2656.2;1343.8;2656.2;2656.2;2625.0;2656.2;1343.8;1343.8;1343.8;1343.8;1343.8;1375.0;1375.0;1375.0;1343.8;2718.8;2687.5;1468.8;1343.8;1343.8;1343.8;1343.8;1343.8;1312.5;1343.8;1312.5;1312.5;1312.5;1343.8;1343.8;1343.8;1343.8;1343.8;1375.0;1343.8;1343.8;1375.0;1343.8;1375.0;1375.0;1375.0;1375.0;1375.0;1343.8;1343.8;1375.0;1375.0;1375.0;1375.0;2718.8;1343.8;1343.8;1343.8;1343.8;1500.0;1468.8;1343.8;1312.5;1343.8;1375.0;1375.0;1375.0;1343.8;1312.5;2718.8;1343.8	1375.0	1375.0	B	1	tone	modulated cry
25	Spectrogram 1	1	30.625740655	32.316892985	449.4	7206.0	625.0	3.237	1.691	93.8	562.5;562.5;562.5;562.5;562.5;562.5;562.5;562.5;562.5;593.8;593.8;593.8;593.8;593.8;593.8;593.8;593.8;593.8;593.8;593.8;593.8;593.8;593.8;593.8;593.8;625.0;625.0;625.0;625.0;656.2;656.2;656.2;625.0;625.0;656.2;625.0;656.2;656.2;656.2;1468.8;1500.0;593.8;593.8;750.0;750.0;593.8;593.8;625.0;625.0;625.0;625.0;781.2;781.2;781.2;656.2;625.0;625.0;625.0;625.0;656.2;656.2;812.5;656.2;1031.2;1031.2;1031.2;750.0;1062.5;750.0;750.0;781.2;781.2;781.2;781.2;781.2;781.2;781.2;781.2;781.2;812.5;812.5;625.0;593.8;625.0;625.0;593.8;625.0;593.8;593.8;625.0;656.2;625.0;656.2;656.2;625.0;656.2;656.2;625.0;656.2;625.0;656.2;656.2;625.0;656.2;750.0	625.0	625.0	C	1	upsweep/ moan	ascending moan
26	Spectrogram 1	1	34.226954523	36.267699065	1258.4	9216.6	1437.5	1.990	2.041	31.2	1437.5;1437.5;1437.5;1437.5;1437.5;1437.5;1437.5;1468.8;1468.8;1468.8;1468.8;1437.5;1437.5;1437.5;1437.5;1437.5;1437.5;1437.5;1468.8;1562.5;1562.5;1562.5;1531.2;1531.2;1531.2;1531.2;1531.2;1531.2;1531.2;1531.2;1500.0;1500.0;1437.5;1437.5;1437.5;1437.5;1437.5;1437.5;1437.5;1437.5;1437.5;1437.5;1437.5;1437.5;1437.5;1437.5;1437.5;1437.5;1437.5;1437.5;1437.5;1406.2;1437.5;1406.2;1437.5;1406.2;1437.5;1437.5;1437.5;1437.5;1437.5;1406.2;1375.0;1375.0;1375.0;1343.8;1343.8;1343.8;1343.8;1437.5;1437.5;1437.5;1406.2;1437.5;1437.5;1437.5;1468.8;1437.5;1468.8;1437.5;1406.2;4281.2;1406.2;1406.2;1375.0;1375.0;1375.0;1343.8;1343.8;1437.5;1437.5;1343.8;1437.5;1437.5;1437.5;1437.5;1437.5;1531.2;1312.5;1437.5;1437.5;1437.5;1437.5;1406.2;1437.5;1406.2;1437.5;1437.5;1437.5;1437.5;1437.5;1375.0;1375.0;1406.2;1437.5;1406.2;1437.5;1406.2;1375.0;1437.5;1437.5;1437.5;1437.5;1437.5;1437.5;1437.5;1375.0	1437.5	1437.5	B	1	tone	modulated cry (D)
27	Spectrogram 1	1	37.135203842	38.612230941	1153.6	13178.5	1375.0	3.319	1.477	62.5	1343.8;1406.2;1531.2;1531.2;1531.2;1531.2;1500.0;1500.0;1500.0;1500.0;1500.0;1468.8;1468.8;1468.8;1468.8;1468.8;1468.8;1468.8;1406.2;1375.0;1375.0;1375.0;1375.0;1343.8;1343.8;1343.8;1343.8;1343.8;1343.8;1343.8;1312.5;1312.5;1312.5;1312.5;1312.5;1312.5;1281.2;1281.2;1281.2;1281.2;1281.2;1281.2;1281.2;1281.2;1281.2;1281.2;1281.2;1281.2;1343.8;1343.8;2500.0;2500.0;2500.0;2500.0;2500.0;2500.0;2500.0;2500.0;1281.2;1281.2;1281.2;1281.2;2562.5;1312.5;1312.5;1312.5;1312.5;1312.5;1343.8;1343.8;1375.0;1375.0;1375.0;1406.2;1375.0;2500.0;2500.0;2500.0;2500.0;2500.0;2500.0;2500.0;2500.0;2531.2;2531.2;1281.2;1281.2;1312.5;1312.5;1312.5;1343.8;1437.5;1343.8	1343.8	1375.0	B	1	downsweep	descending shriek
28	Spectrogram 1	1	39.913281350	41.180553121	1138.6	9434.0	1437.5	4.252	1.267	1281.2	1562.5;1562.5;1531.2;1531.2;1531.2;1531.2;1500.0;1500.0;1500.0;1500.0;1500.0;1468.8;1437.5;1468.8;1468.8;1437.5;1437.5;1437.5;1437.5;1437.5;1406.2;1406.2;1375.0;2750.0;2750.0;2750.0;2750.0;2750.0;2750.0;2718.8;2718.8;2718.8;2718.8;2718.8;2718.8;2718.8;2718.8;2687.5;2687.5;2687.5;2656.2;1312.5;1312.5;1281.2;2593.8;2562.5;1281.2;1281.2;1250.0;2531.2;2500.0;1250.0;1250.0;1250.0;1250.0;1250.0;1250.0;1250.0;1250.0;1250.0;1343.8;2687.5;1312.5;1312.5;1312.5;1281.2;1281.2;2562.5;1281.2;2531.2;2531.2;2531.2;2500.0;1437.5;1437.5;1468.8;1250.0;1250.0;1406.2	1468.8	1437.5	B	1	downsweep	descending shriek
29	Spectrogram 1	1	43.431467066	45.349854335	419.5	6486.9	656.2	3.008	1.918	62.5	531.2;531.2;531.2;531.2;437.5;531.2;531.2;531.2;531.2;531.2;531.2;531.2;531.2;531.2;531.2;531.2;531.2;531.2;531.2;531.2;562.5;562.5;562.5;593.8;593.8;625.0;625.0;625.0;625.0;656.2;656.2;625.0;625.0;625.0;625.0;625.0;656.2;656.2;656.2;656.2;656.2;656.2;656.2;687.5;687.5;687.5;718.8;718.8;718.8;718.8;718.8;781.2;750.0;625.0;625.0;625.0;625.0;750.0;750.0;750.0;656.2;656.2;656.2;656.2;656.2;687.5;687.5;1031.2;687.5;718.8;1031.2;718.8;718.8;718.8;1031.2;1031.2;750.0;750.0;750.0;750.0;750.0;750.0;750.0;750.0;781.2;781.2;781.2;593.8;593.8;625.0;625.0;625.0;625.0;625.0;625.0;625.0;656.2;625.0;656.2;687.5;656.2;656.2;687.5;656.2;656.2;687.5;687.5;656.2;687.5;656.2;687.5;718.8;718.8;718.8;718.8;656.2;718.8;750.0;750.0;750.0	656.2	656.2	C	1	upsweep	ascending moan
30	Spectrogram 1	1	47.154113314	49.352174352	1243.4	9572.1	1343.8	2.022	2.198	31.2	1437.5;1406.2;1406.2;1406.2;1406.2;1375.0;1375.0;1375.0;1375.0;1375.0;1343.8;1343.8;1343.8;1343.8;1343.8;1343.8;1343.8;1343.8;1343.8;1343.8;1343.8;1375.0;1375.0;1375.0;1375.0;1375.0;1343.8;1343.8;1343.8;1343.8;1343.8;1343.8;1343.8;1343.8;1343.8;1343.8;1343.8;1343.8;1343.8;1343.8;1375.0;1375.0;1375.0;1375.0;1375.0;1375.0;1375.0;1343.8;1343.8;1343.8;1343.8;1343.8;1343.8;1343.8;1343.8;1343.8;1343.8;1312.5;1343.8;1343.8;1343.8;1343.8;1343.8;1375.0;1375.0;1375.0;1375.0;1375.0;4062.5;4062.5;4062.5;1343.8;1343.8;1343.8;1343.8;1343.8;1343.8;1343.8;1343.8;1343.8;1312.5;1343.8;1312.5;1343.8;1343.8;1343.8;1375.0;1375.0;1375.0;1343.8;1343.8;1343.8;1343.8;1343.8;1375.0;1375.0;1343.8;1343.8;1343.8;1343.8;1343.8;1343.8;1343.8;1343.8;1375.0;1343.8;1375.0;1343.8;1343.8;1343.8;1343.8;1343.8;1375.0;1343.8;1437.5;1343.8;1343.8;1375.0;1343.8;1375.0;1343.8;1343.8;1250.0;1343.8;1531.2;1343.8;1281.2;1437.5;1343.8;1343.8;1375.0;1375.0;1343.8;1375.0;4062.5;1375.0;1375.0	1375.0	1343.8	D	1	tone	modulated cry
31	Spectrogram 1	1	50.105136765	52.141511406	1228.5	9825.2	1375.0	2.821	2.036	62.5	1531.2;1375.0;1375.0;1343.8;1531.2;1562.5;1531.2;1531.2;1531.2;1562.5;1593.8;1562.5;1593.8;1562.5;1562.5;1500.0;1437.5;1437.5;1437.5;1406.2;1375.0;1375.0;1375.0;1375.0;1375.0;1375.0;1375.0;1343.8;1343.8;1343.8;1343.8;1343.8;1343.8;1343.8;1343.8;1343.8;1312.5;1312.5;1343.8;1343.8;1343.8;1343.8;1343.8;1343.8;1343.8;1343.8;1312.5;2656.2;2656.2;2656.2;2656.2;1343.8;2656.2;1343.8;1312.5;1343.8;2656.2;2656.2;1343.8;1343.8;1343.8;1343.8;1343.8;1343.8;1343.8;1343.8;1343.8;2656.2;1343.8;1343.8;1343.8;1375.0;1343.8;2656.2;2656.2;2625.0;2656.2;1312.5;1312.5;1312.5;1343.8;1312.5;1343.8;1343.8;1343.8;1343.8;1312.5;1343.8;1343.8;1343.8;1343.8;1312.5;1343.8;1312.5;1343.8;1312.5;1343.8;1343.8;1343.8;1343.8;1343.8;1343.8;1312.5;1343.8;1343.8;1343.8;1343.8;1343.8;1343.8;1312.5;1312.5;1343.8;1343.8;1312.5;1343.8;1312.5;1343.8;2656.2;1343.8;1312.5;1375.0;1343.8;1312.5;1343.8;1375.0;1468.8;1375.0	1375.0	1375.0	D	1	tone	modulated cry
32	Spectrogram 1	1	52.649089692	53.378863436	374.5	3745.3	656.2	4.519	0.730	437.5	1343.8;750.0;406.2;500.0;500.0;500.0;1000.0;1000.0;531.2;593.8;625.0;656.2;718.8;781.2;781.2;781.2;781.2;781.2;781.2;812.5;812.5;812.5;937.5;1000.0;968.8;531.2;468.8;1000.0;500.0;531.2;531.2;593.8;656.2;656.2;750.0;656.2;656.2;781.2;781.2;781.2;781.2;656.2;812.5;812.5;843.8;718.8	656.2	656.2	E	1	upsweep/ short grunt	bark (D)
33	Spectrogram 1	1	55.364138400	57.365553819	419.5	3131.1	687.5	4.080	2.001	187.5	500.0;500.0;500.0;500.0;500.0;500.0;500.0;500.0;500.0;500.0;500.0;500.0;500.0;500.0;500.0;500.0;500.0;531.2;531.2;531.2;531.2;531.2;562.5;1093.8;1093.8;1093.8;1093.8;1093.8;1093.8;1125.0;1125.0;1125.0;1156.2;1156.2;1156.2;1156.2;1156.2;1156.2;1156.2;1187.5;593.8;625.0;625.0;625.0;625.0;625.0;625.0;625.0;625.0;625.0;625.0;656.2;656.2;656.2;687.5;687.5;687.5;687.5;687.5;750.0;750.0;750.0;750.0;781.2;781.2;843.8;625.0;625.0;625.0;625.0;625.0;625.0;656.2;656.2;656.2;656.2;687.5;687.5;687.5;687.5;687.5;687.5;531.2;750.0;781.2;781.2;562.5;531.2;562.5;437.5;531.2;593.8;562.5;531.2;593.8;593.8;593.8;593.8;656.2;625.0;625.0;593.8;625.0;625.0;625.0;625.0;625.0;625.0;625.0;656.2;531.2;687.5;656.2;656.2;593.8;687.5;656.2;687.5;687.5;656.2;687.5;750.0;625.0;687.5;656.2	656.2	687.5	F	1	upsweep/ moan	ascending moan
34	Spectrogram 1	1	58.895434012	60.805081475	1213.5	7076.6	1375.0	2.394	1.910	31.2	1375.0;1343.8;1343.8;1343.8;1343.8;1343.8;1375.0;1375.0;1343.8;1375.0;1375.0;1343.8;1343.8;1343.8;1343.8;1343.8;1343.8;1343.8;1343.8;1343.8;1343.8;1343.8;1343.8;1375.0;1375.0;1375.0;1375.0;1375.0;1406.2;1406.2;1375.0;1375.0;1375.0;1375.0;1375.0;1375.0;1375.0;1406.2;1406.2;1406.2;1406.2;1406.2;1375.0;1406.2;1375.0;1375.0;1375.0;1375.0;1375.0;1375.0;1375.0;1375.0;1375.0;1375.0;1375.0;1343.8;1343.8;1343.8;1343.8;1343.8;1343.8;1343.8;1343.8;1343.8;1343.8;1343.8;1343.8;1343.8;1375.0;1375.0;1375.0;1375.0;1375.0;1375.0;1375.0;1375.0;1406.2;1375.0;1343.8;1312.5;1343.8;1312.5;2656.2;1343.8;1375.0;1406.2;1375.0;1406.2;1375.0;1375.0;1406.2;1375.0;1406.2;1406.2;1375.0;1281.2;1281.2;4156.2;1375.0;1406.2;1281.2;1375.0;1406.2;1375.0;1375.0;1406.2;1375.0;1406.2;1375.0;1375.0;1375.0;1375.0;1375.0;1343.8;1375.0;1375.0;1406.2;1312.5;1343.8;1343.8	1375.0	1375.0	D	1	tone	modulated cry
35	Spectrogram 1	1	61.693510870	63.629377749	1213.5	9801.7	1406.2	1.831	1.936	31.2	1343.8;1343.8;1343.8;1343.8;1375.0;1375.0;1406.2;1375.0;1406.2;1406.2;1406.2;1406.2;1406.2;1406.2;1406.2;1406.2;1406.2;1375.0;1375.0;1375.0;1375.0;1375.0;1375.0;1375.0;1375.0;1375.0;1375.0;1375.0;1375.0;1375.0;1375.0;1375.0;1375.0;1375.0;1375.0;1375.0;1375.0;1375.0;1375.0;1375.0;1375.0;1375.0;1375.0;1375.0;1375.0;1375.0;1375.0;1375.0;1375.0;1375.0;1375.0;1375.0;1375.0;1375.0;1375.0;1375.0;1375.0;1375.0;1375.0;1375.0;1375.0;1375.0;1375.0;1375.0;1375.0;1406.2;1406.2;1406.2;1375.0;1375.0;1375.0;1375.0;1375.0;1375.0;1375.0;1375.0;1375.0;1375.0;1375.0;1375.0;1375.0;1375.0;1375.0;2750.0;2750.0;2750.0;1375.0;1375.0;1375.0;1375.0;1375.0;1375.0;1375.0;1375.0;1375.0;1375.0;1375.0;2750.0;2750.0;1375.0;1375.0;1375.0;1375.0;1375.0;1375.0;1375.0;1375.0;1375.0;1281.2;1375.0;1375.0;1375.0;1375.0;1375.0;1375.0;1375.0;1375.0;1375.0;1375.0;1375.0;1375.0	1375.0	1406.2	D	1	tone	modulated cry
36	Spectrogram 1	1	64.294272531	65.107074426	299.6	4299.6	718.8	4.478	0.813	156.2	437.5;406.2;406.2;468.8;531.2;593.8;656.2;687.5;687.5;718.8;718.8;718.8;750.0;781.2;781.2;812.5;812.5;812.5;843.8;843.8;843.8;843.8;406.2;406.2;437.5;1031.2;1031.2;1031.2;1125.0;687.5;718.8;718.8;687.5;718.8;750.0;781.2;812.5;812.5;812.5;812.5;812.5;843.8;843.8;843.8;875.0;875.0;906.2;906.2;843.8;343.8	781.2	718.8	E	1	upsweep / short grunt	bark
37	Spectrogram 1	1	67.139493425	68.712658383	328.4	3442.8	500.0	4.092	1.573	625.0	468.8;468.8;468.8;468.8;468.8;468.8;468.8;468.8;468.8;468.8;468.8;468.8;468.8;468.8;468.8;468.8;468.8;468.8;468.8;468.8;468.8;500.0;500.0;500.0;500.0;500.0;500.0;500.0;500.0;531.2;500.0;531.2;500.0;531.2;562.5;1093.8;1125.0;562.5;1125.0;1125.0;1125.0;1125.0;1125.0;1125.0;1125.0;1125.0;1125.0;1125.0;1125.0;1156.2;1156.2;1156.2;1156.2;1156.2;1187.5;593.8;593.8;625.0;593.8;593.8;625.0;656.2;656.2;656.2;687.5;562.5;750.0;781.2;781.2;562.5;562.5;562.5;562.5;593.8;593.8;593.8;593.8;593.8;593.8;468.8;437.5;625.0;625.0;687.5;656.2;656.2;687.5;687.5;500.0;593.8;781.2;500.0;500.0;500.0;531.2;500.0;500.0	593.8	500.0	F	1	upsweep/ moan	ascending moan
38	Spectrogram 1	1	70.309937091	72.370680985	1165.3	8601.0	1406.2	2.045	2.061	31.2	1406.2;1281.2;2562.5;1312.5;1406.2;2656.2;1343.8;1343.8;1375.0;1375.0;1375.0;1375.0;1375.0;1375.0;1375.0;1375.0;1375.0;1375.0;1375.0;1375.0;1375.0;1375.0;1375.0;1375.0;1375.0;1375.0;1375.0;1375.0;1375.0;1375.0;1375.0;1375.0;1406.2;1406.2;1406.2;1406.2;1406.2;1406.2;1406.2;1406.2;1406.2;1406.2;1406.2;1406.2;1406.2;1406.2;1406.2;1406.2;1406.2;1406.2;1406.2;1406.2;1406.2;1406.2;1406.2;1406.2;1406.2;1406.2;1406.2;1406.2;1406.2;1406.2;1437.5;1437.5;1406.2;1406.2;1406.2;1406.2;1406.2;1406.2;1406.2;1406.2;1406.2;1406.2;1406.2;1406.2;1406.2;1531.2;1406.2;1406.2;1406.2;1406.2;1437.5;1406.2;1437.5;1437.5;1468.8;1437.5;1375.0;1375.0;1406.2;1375.0;1406.2;1406.2;1406.2;1375.0;1375.0;1406.2;1531.2;1468.8;1375.0;1406.2;1218.8;1406.2;1406.2;1406.2;1406.2;1406.2;1406.2;1406.2;1406.2;1406.2;1406.2;1406.2;1406.2;1406.2;1218.8;1406.2;1406.2;1437.5;1468.8;1406.2;1406.2;1406.2;1437.5;1406.2;1406.2;1375.0	1406.2	1406.2	D	1	tone	modulated cry
39	Spectrogram 1	1	73.514414897	74.480163386	344.6	7871.2	687.5	3.973	0.966	156.2	1406.2;468.8;468.8;1406.2;468.8;500.0;1093.8;1125.0;1156.2;1156.2;593.8;625.0;625.0;625.0;656.2;656.2;656.2;687.5;687.5;781.2;812.5;812.5;812.5;812.5;843.8;843.8;843.8;843.8;843.8;562.5;593.8;593.8;875.0;843.8;843.8;843.8;656.2;656.2;656.2;687.5;687.5;781.2;812.5;812.5;812.5;812.5;812.5;843.8;843.8;843.8;875.0;875.0;875.0;875.0;875.0;843.8;843.8;843.8;843.8;468.8	687.5	687.5	E	1	upsweep	bark
40	Spectrogram 1	1	76.739817323	78.173145396	329.6	5707.9	468.8	2.829	1.433	31.2	375.0;1156.2;1156.2;1187.5;1218.8;437.5;437.5;437.5;437.5;468.8;468.8;468.8;468.8;468.8;468.8;468.8;468.8;468.8;468.8;468.8;468.8;468.8;468.8;468.8;468.8;468.8;468.8;468.8;468.8;468.8;468.8;468.8;468.8;468.8;468.8;468.8;468.8;468.8;468.8;468.8;468.8;468.8;500.0;468.8;468.8;468.8;468.8;500.0;468.8;468.8;468.8;468.8;468.8;468.8;468.8;468.8;468.8;468.8;468.8;468.8;468.8;468.8;468.8;468.8;468.8;468.8;468.8;468.8;468.8;468.8;500.0;468.8;500.0;500.0;531.2;531.2;468.8;468.8;468.8;468.8;468.8;468.8;468.8;468.8;468.8;468.8;468.8;468.8	468.8	468.8	G	1	upsweep/ moan	ascending moan (D)
41	Spectrogram 1	1	79.774794006	81.492165752	1213.5	7490.6	1406.2	2.733	1.717	93.8	1375.0;1375.0;1406.2;1406.2;1406.2;1406.2;1375.0;1437.5;1468.8;1468.8;1500.0;1500.0;1500.0;1500.0;1500.0;1468.8;1468.8;1468.8;1468.8;1468.8;1468.8;1468.8;1468.8;1437.5;1437.5;1437.5;1437.5;1437.5;1437.5;1437.5;1437.5;1437.5;1437.5;1437.5;1437.5;1437.5;1437.5;1437.5;1406.2;1406.2;1375.0;1375.0;1375.0;1375.0;1375.0;1375.0;1375.0;1375.0;1375.0;1375.0;1375.0;1375.0;1375.0;1375.0;1375.0;1375.0;1375.0;1375.0;1375.0;1375.0;1375.0;1375.0;1375.0;1375.0;1375.0;1375.0;1375.0;1375.0;1375.0;1375.0;1375.0;1375.0;1375.0;1375.0;1375.0;1406.2;1375.0;1375.0;1375.0;1375.0;1375.0;1375.0;1375.0;1375.0;1375.0;1375.0;1375.0;1375.0;1375.0;1375.0;1375.0;1375.0;1375.0;1375.0;1375.0;1375.0;1375.0;1375.0;1375.0;1375.0;1375.0;1406.2;1375.0;1375.0;1375.0;1343.8;1437.5	1437.5	1406.2	H	1	downsweep	descending moan (F)
42	Spectrogram 1	1	83.086669216	85.538184610	158.9	5448.0	656.2	4.286	2.452	187.5	250.0;187.5;187.5;250.0;281.2;312.5;312.5;343.8;375.0;375.0;468.8;468.8;500.0;562.5;531.2;562.5;562.5;562.5;562.5;562.5;562.5;562.5;562.5;593.8;593.8;593.8;625.0;625.0;625.0;656.2;656.2;687.5;781.2;812.5;812.5;812.5;812.5;812.5;562.5;968.8;968.8;968.8;968.8;968.8;968.8;937.5;593.8;593.8;625.0;625.0;656.2;687.5;656.2;625.0;718.8;687.5;812.5;812.5;812.5;812.5;843.8;968.8;937.5;343.8;593.8;406.2;968.8;312.5;375.0;375.0;531.2;562.5;562.5;562.5;562.5;562.5;562.5;562.5;562.5;562.5;562.5;562.5;562.5;562.5;562.5;656.2;656.2;593.8;593.8;562.5;593.8;656.2;812.5;812.5;656.2;687.5;281.2;656.2;812.5;625.0;187.5;218.8;250.0;218.8;187.5;343.8;406.2;375.0;406.2;468.8;562.5;625.0;687.5;687.5;718.8;781.2;781.2;781.2;781.2;781.2;750.0;750.0;750.0;781.2;781.2;781.2;812.5;843.8;406.2;406.2;468.8;406.2;406.2;656.2;625.0;687.5;718.8;781.2;781.2;250.0;781.2;781.2;781.2;750.0;750.0;750.0;781.2;750.0;781.2;843.8;625.0;812.5;187.5	625.0	656.2	E	1	upsweep, echo	bark?
43	Spectrogram 1	1	87.137983245	89.143768566	275.4	7410.4	437.5	3.014	2.006	31.2	343.8;343.8;375.0;375.0;375.0;375.0;1187.5;406.2;406.2;437.5;437.5;437.5;437.5;437.5;437.5;437.5;437.5;2125.0;2125.0;2093.8;2093.8;2125.0;437.5;437.5;437.5;437.5;437.5;437.5;406.2;437.5;437.5;437.5;437.5;437.5;437.5;437.5;437.5;437.5;437.5;406.2;406.2;406.2;406.2;437.5;406.2;375.0;437.5;406.2;437.5;437.5;437.5;437.5;437.5;437.5;437.5;437.5;437.5;437.5;437.5;406.2;406.2;406.2;406.2;406.2;406.2;406.2;406.2;437.5;437.5;406.2;406.2;406.2;406.2;437.5;437.5;437.5;437.5;437.5;437.5;437.5;437.5;406.2;437.5;437.5;406.2;437.5;531.2;437.5;437.5;437.5;437.5;437.5;437.5;437.5;437.5;437.5;437.5;437.5;437.5;406.2;406.2;437.5;406.2;406.2;406.2;406.2;406.2;437.5;281.2;281.2;281.2;312.5;437.5;406.2;437.5;406.2;437.5;437.5;281.2;437.5;468.8;437.5;437.5;500.0	437.5	437.5	G	1	tone, vibrato/ moan	trill (D)
44	Spectrogram 1	1	90.023458157	91.845707566	1213.2	8196.3	1343.8	2.712	1.822	31.2	1281.2;1250.0;1250.0;1250.0;1281.2;1281.2;1281.2;1281.2;1312.5;1312.5;1312.5;1343.8;1343.8;1343.8;1343.8;1343.8;1343.8;1343.8;1343.8;1343.8;1343.8;1343.8;1343.8;1343.8;1343.8;1343.8;1343.8;1343.8;1343.8;1343.8;1343.8;1343.8;1343.8;1343.8;1343.8;1343.8;1343.8;1343.8;1343.8;1312.5;1343.8;1343.8;1343.8;1343.8;1343.8;1312.5;1343.8;1343.8;1312.5;1343.8;1343.8;1343.8;1343.8;1343.8;1343.8;1343.8;1343.8;1343.8;1343.8;1343.8;1343.8;1343.8;1343.8;1343.8;2718.8;1343.8;1343.8;4000.0;4000.0;3968.8;3968.8;3968.8;4000.0;4000.0;1343.8;1343.8;1343.8;1343.8;1343.8;1343.8;1343.8;1343.8;1343.8;1343.8;1343.8;2687.5;1343.8;1343.8;1343.8;1375.0;1343.8;1250.0;1343.8;1343.8;1343.8;1343.8;1312.5;1343.8;1343.8;1343.8;1343.8;1343.8;1343.8;1343.8;1343.8;1343.8;1343.8;1312.5;1312.5;1437.5;1250.0;1218.8;1343.8	1343.8	1343.8	H	1	tone	modulated cry
45	Spectrogram 1	1	93.198271725	94.378145444	158.9	3955.5	468.8	4.071	1.180	187.5	250.0;187.5;250.0;250.0;250.0;281.2;281.2;281.2;312.5;312.5;312.5;312.5;343.8;343.8;343.8;343.8;375.0;375.0;375.0;375.0;375.0;375.0;406.2;375.0;437.5;468.8;468.8;468.8;468.8;500.0;500.0;593.8;625.0;625.0;656.2;656.2;343.8;343.8;375.0;343.8;375.0;375.0;375.0;375.0;406.2;812.5;437.5;468.8;468.8;468.8;468.8;468.8;468.8;500.0;625.0;625.0;656.2;656.2;750.0;781.2;781.2;781.2;812.5;812.5;812.5;781.2;812.5;812.5;812.5;812.5;812.5;843.8;843.8	468.8	468.8	E	1	upsweep	bark?
46	Spectrogram 1	1	96.485777682	98.015243614	286.0	8192.3	406.2	2.322	1.529	31.2	375.0;468.8;375.0;375.0;375.0;375.0;375.0;375.0;375.0;375.0;375.0;406.2;406.2;406.2;406.2;406.2;406.2;406.2;406.2;406.2;406.2;406.2;406.2;406.2;406.2;406.2;406.2;406.2;406.2;406.2;406.2;406.2;406.2;406.2;406.2;406.2;406.2;406.2;406.2;406.2;406.2;406.2;406.2;406.2;406.2;406.2;406.2;406.2;406.2;406.2;406.2;406.2;406.2;406.2;375.0;375.0;406.2;406.2;1156.2;406.2;406.2;375.0;406.2;437.5;406.2;406.2;406.2;406.2;406.2;406.2;406.2;406.2;406.2;406.2;406.2;375.0;375.0;375.0;375.0;375.0;375.0;375.0;375.0;375.0;375.0;406.2;406.2;406.2;312.5;406.2;406.2;406.2;406.2;406.2	406.2	406.2	G	1	tone, vibrato/ moan	trill
47	Spectrogram 1	1	99.283885753	101.428337290	1123.6	7056.2	1250.0	2.871	2.144	62.5	1250.0;1250.0;1250.0;1250.0;1218.8;1218.8;1218.8;1218.8;1218.8;1250.0;1250.0;1250.0;1250.0;1250.0;1281.2;1250.0;1250.0;1281.2;1281.2;1281.2;1375.0;1375.0;1375.0;1375.0;1375.0;1375.0;1375.0;1375.0;1375.0;1375.0;1375.0;1375.0;1375.0;1375.0;1375.0;1375.0;1375.0;1375.0;1375.0;1375.0;1375.0;1375.0;1375.0;1375.0;1375.0;1375.0;1375.0;1375.0;1406.2;1406.2;1375.0;1406.2;1406.2;1406.2;1375.0;1375.0;1375.0;1375.0;1375.0;1406.2;1406.2;1406.2;1406.2;1406.2;1406.2;1406.2;1406.2;1406.2;1406.2;1406.2;1406.2;1406.2;1406.2;1406.2;1406.2;1406.2;1406.2;2812.5;1406.2;1406.2;1375.0;1406.2;1375.0;1406.2;1406.2;1406.2;1406.2;1406.2;1406.2;1406.2;1406.2;1406.2;1406.2;1406.2;1406.2;1406.2;1406.2;1406.2;1406.2;1375.0;1375.0;1375.0;1375.0;1375.0;1375.0;1375.0;1375.0;1375.0;1375.0;1375.0;1406.2;1375.0;1406.2;1406.2;1406.2;1375.0;1406.2;1406.2;1375.0;1406.2;1375.0;1375.0;1406.2;1375.0;1406.2;1406.2;1375.0;1406.2;1406.2;1406.2;1406.2;1406.2;1281.2	1375.0	1250.0	H	1	upsweep	ascending shriek
48	Spectrogram 1	1	102.511865708	104.279338733	59.9	6335.3	343.8	3.074	1.767	62.5	125.0;156.2;62.5;93.8;93.8;125.0;125.0;125.0;125.0;187.5;187.5;218.8;218.8;250.0;281.2;281.2;312.5;343.8;343.8;343.8;343.8;343.8;343.8;343.8;343.8;343.8;343.8;343.8;343.8;343.8;343.8;343.8;375.0;375.0;375.0;375.0;375.0;406.2;406.2;406.2;406.2;406.2;406.2;343.8;343.8;343.8;343.8;343.8;343.8;343.8;343.8;343.8;343.8;343.8;343.8;375.0;375.0;375.0;406.2;406.2;406.2;437.5;343.8;343.8;156.2;437.5;437.5;375.0;125.0;406.2;375.0;62.5;312.5;343.8;343.8;343.8;343.8;343.8;343.8;343.8;343.8;343.8;343.8;343.8;343.8;343.8;343.8;343.8;343.8;343.8;343.8;343.8;343.8;343.8;343.8;375.0;406.2;406.2;406.2;406.2;406.2;375.0;406.2;437.5;406.2;437.5;437.5;437.5;406.2;62.5	343.8	343.8	E	1	upsweep	gurgle?/ascending _
49	Spectrogram 1	1	106.131554162	107.806327553	254.2	6435.6	375.0	1.953	1.675	31.2	343.8;343.8;343.8;343.8;343.8;343.8;343.8;343.8;343.8;343.8;343.8;375.0;375.0;375.0;375.0;375.0;375.0;375.0;375.0;375.0;375.0;375.0;375.0;375.0;375.0;375.0;375.0;375.0;375.0;375.0;375.0;375.0;375.0;375.0;375.0;375.0;375.0;375.0;375.0;375.0;375.0;375.0;375.0;375.0;375.0;375.0;375.0;375.0;375.0;375.0;375.0;375.0;375.0;375.0;375.0;375.0;375.0;375.0;375.0;375.0;375.0;437.5;437.5;437.5;437.5;437.5;437.5;437.5;437.5;437.5;375.0;375.0;375.0;375.0;375.0;375.0;375.0;406.2;375.0;375.0;375.0;375.0;375.0;375.0;375.0;375.0;375.0;375.0;375.0;375.0;375.0;375.0;375.0;375.0;375.0;375.0;375.0;375.0;375.0;375.0;375.0;375.0;375.0	375.0	375.0	G	1	tone + other freq	trumpet?
50	Spectrogram 1	1	108.689727130	110.747659008	805.1	9283.7	1375.0	2.273	2.058	31.2	875.0;875.0;875.0;875.0;875.0;875.0;875.0;875.0;875.0;875.0;1156.2;1250.0;1250.0;1250.0;1250.0;1281.2;1281.2;1312.5;1312.5;1312.5;1312.5;1312.5;1312.5;1312.5;1312.5;1343.8;1343.8;1375.0;1375.0;1375.0;1375.0;1375.0;1375.0;1375.0;1375.0;1375.0;1406.2;1406.2;1406.2;1406.2;1406.2;1406.2;1406.2;1406.2;1406.2;1406.2;1406.2;1406.2;1406.2;1406.2;1406.2;1406.2;1406.2;1406.2;1406.2;1406.2;1406.2;1406.2;1375.0;1375.0;1375.0;1375.0;1375.0;1375.0;1375.0;1375.0;1375.0;1375.0;1375.0;1375.0;1375.0;1343.8;1312.5;1312.5;1312.5;1343.8;1312.5;1312.5;1406.2;1375.0;1375.0;1375.0;4156.2;4156.2;4156.2;4156.2;4156.2;1375.0;1375.0;1375.0;1375.0;1375.0;1343.8;1375.0;1375.0;1375.0;1375.0;1375.0;1375.0;1375.0;1406.2;1406.2;1406.2;1406.2;1406.2;1406.2;1406.2;1406.2;1406.2;1406.2;1406.2;1406.2;1406.2;1406.2;1406.2;1406.2;1406.2;1406.2;1406.2;1375.0;1406.2;812.5;1406.2;843.8;1375.0;1375.0;812.5	1375.0	1375.0	H	1	tone	ascending shriek
51	Spectrogram 1	1	111.850319947	114.106011045	95.3	6452.1	218.8	3.311	2.256	125.0	125.0;125.0;125.0;125.0;125.0;125.0;156.2;156.2;187.5;187.5;218.8;218.8;218.8;250.0;250.0;281.2;281.2;281.2;312.5;312.5;312.5;312.5;312.5;312.5;343.8;343.8;343.8;343.8;343.8;343.8;343.8;375.0;375.0;375.0;406.2;406.2;406.2;437.5;281.2;312.5;312.5;312.5;312.5;312.5;343.8;343.8;343.8;343.8;343.8;343.8;343.8;343.8;343.8;375.0;375.0;375.0;375.0;375.0;406.2;437.5;406.2;437.5;125.0;125.0;125.0;218.8;125.0;156.2;156.2;187.5;156.2;218.8;281.2;281.2;281.2;312.5;250.0;281.2;281.2;281.2;312.5;312.5;343.8;343.8;375.0;343.8;343.8;343.8;343.8;343.8;312.5;343.8;343.8;343.8;343.8;343.8;343.8;375.0;375.0;375.0;375.0;406.2;125.0;125.0;375.0;375.0;343.8;343.8;343.8;343.8;343.8;343.8;343.8;343.8;343.8;343.8;343.8;343.8;343.8;343.8;343.8;343.8;281.2;343.8;312.5;343.8;343.8;343.8;343.8;375.0;187.5;343.8;343.8;375.0;250.0;343.8;343.8;343.8;343.8;500.0	281.2	218.8	E	1	upsweep	gurgle?
52	Spectrogram 1	1	115.447321298	117.297324637	243.6	6619.9	375.0	2.143	1.850	31.2	375.0;343.8;375.0;343.8;375.0;375.0;375.0;375.0;375.0;375.0;375.0;375.0;375.0;375.0;375.0;375.0;375.0;375.0;375.0;375.0;375.0;375.0;375.0;375.0;375.0;375.0;375.0;375.0;375.0;375.0;375.0;375.0;375.0;375.0;375.0;375.0;375.0;375.0;375.0;375.0;375.0;375.0;375.0;375.0;375.0;375.0;375.0;375.0;406.2;375.0;375.0;375.0;375.0;375.0;375.0;375.0;375.0;375.0;375.0;375.0;375.0;375.0;375.0;375.0;375.0;375.0;375.0;375.0;375.0;375.0;375.0;375.0;375.0;375.0;375.0;375.0;375.0;375.0;375.0;375.0;375.0;375.0;375.0;406.2;375.0;375.0;375.0;375.0;375.0;375.0;375.0;375.0;375.0;375.0;375.0;375.0;375.0;343.8;312.5;562.5;375.0;375.0;375.0;375.0;375.0;375.0;375.0;375.0;375.0;343.8;406.2;250.0;375.0;375.0;375.0	375.0	375.0	G	1	tone	modulated cry
53	Spectrogram 1	1	117.839192567	119.193862392	1224.9	12114.4	1343.8	3.569	1.355	1312.5	1312.5;1281.2;1281.2;1281.2;1281.2;1281.2;1281.2;1281.2;1281.2;1281.2;2562.5;1250.0;2531.2;1406.2;1343.8;1343.8;1343.8;1343.8;1343.8;1343.8;1343.8;1343.8;2687.5;2687.5;1343.8;1343.8;2656.2;2656.2;1343.8;2656.2;1312.5;2656.2;2656.2;2656.2;2656.2;1312.5;2656.2;2656.2;1343.8;1343.8;2687.5;2687.5;2687.5;2687.5;2687.5;2687.5;2687.5;1343.8;1343.8;1343.8;1343.8;1343.8;1343.8;1343.8;1343.8;2656.2;2656.2;1343.8;1343.8;1343.8;1343.8;1343.8;1343.8;1343.8;1343.8;1343.8;1343.8;1343.8;1343.8;1343.8;1343.8;1343.8;1343.8;1343.8;1343.8;1343.8;1312.5;1343.8;4000.0;1343.8;1343.8;1343.8;1343.8;2656.2	1406.2	1343.8	H	1	tone	ascending shriek
54	Spectrogram 1	1	120.791810677	122.627169794	53.0	6169.2	187.5	3.490	1.835	218.8	125.0;125.0;125.0;125.0;125.0;125.0;125.0;125.0;125.0;125.0;125.0;125.0;125.0;125.0;125.0;125.0;156.2;187.5;187.5;218.8;250.0;281.2;281.2;312.5;312.5;343.8;343.8;343.8;375.0;375.0;375.0;375.0;375.0;375.0;375.0;343.8;343.8;343.8;343.8;343.8;375.0;375.0;375.0;375.0;312.5;312.5;312.5;375.0;343.8;343.8;343.8;343.8;375.0;375.0;375.0;375.0;375.0;343.8;343.8;343.8;343.8;343.8;343.8;375.0;375.0;375.0;375.0;375.0;375.0;375.0;375.0;62.5;125.0;406.2;125.0;62.5;62.5;187.5;125.0;125.0;62.5;343.8;343.8;375.0;343.8;62.5;312.5;62.5;343.8;93.8;343.8;343.8;343.8;62.5;62.5;343.8;343.8;343.8;343.8;343.8;343.8;343.8;343.8;343.8;375.0;375.0;343.8;343.8;375.0;375.0;375.0;375.0;62.5;62.5	218.8	187.5	E	1	upsweep	gurgle?
55	Spectrogram 1	1	124.453278202	126.524612064	211.9	7449.0	343.8	1.576	2.071	31.2	343.8;343.8;343.8;343.8;343.8;343.8;343.8;343.8;343.8;343.8;312.5;312.5;312.5;343.8;343.8;343.8;343.8;343.8;343.8;343.8;343.8;343.8;343.8;343.8;343.8;343.8;343.8;343.8;343.8;343.8;343.8;343.8;343.8;343.8;343.8;343.8;343.8;343.8;343.8;343.8;343.8;343.8;343.8;343.8;343.8;343.8;343.8;343.8;343.8;343.8;343.8;343.8;343.8;343.8;343.8;343.8;343.8;343.8;343.8;343.8;343.8;343.8;343.8;343.8;343.8;343.8;343.8;343.8;343.8;343.8;343.8;343.8;343.8;343.8;343.8;343.8;343.8;343.8;343.8;343.8;375.0;343.8;343.8;375.0;375.0;343.8;343.8;375.0;375.0;375.0;375.0;375.0;375.0;343.8;375.0;375.0;375.0;375.0;375.0;343.8;343.8;343.8;343.8;343.8;343.8;343.8;343.8;343.8;343.8;343.8;343.8;343.8;343.8;343.8;343.8;343.8;343.8;343.8;343.8;375.0;375.0;343.8;375.0;375.0;343.8;343.8;343.8;375.0	343.8	343.8	G	1	tone	modulated cry
56	Spectrogram 1	1	126.961602330	127.730705198	169.5	5021.3	281.2	2.686	0.769	62.5	343.8;343.8;343.8;343.8;281.2;281.2;281.2;281.2;281.2;281.2;312.5;312.5;312.5;375.0;375.0;531.2;687.5;781.2;781.2;781.2;812.5;812.5;1187.5;1187.5;1187.5;343.8;281.2;281.2;281.2;281.2;281.2;281.2;281.2;312.5;343.8;375.0;375.0;500.0;500.0;343.8;375.0;312.5;312.5;812.5;375.0;375.0;187.5	312.5	281.2	I	1	upsweep	bark
57	Spectrogram 1	1	129.947329670	132.018663532	42.4	8917.3	218.8	3.394	2.071	187.5	62.5;62.5;125.0;62.5;62.5;125.0;125.0;125.0;125.0;125.0;125.0;125.0;125.0;125.0;125.0;125.0;125.0;125.0;125.0;125.0;125.0;125.0;125.0;125.0;125.0;125.0;125.0;156.2;156.2;156.2;156.2;187.5;187.5;218.8;218.8;250.0;250.0;281.2;281.2;312.5;312.5;343.8;343.8;343.8;343.8;343.8;343.8;343.8;343.8;343.8;343.8;343.8;343.8;343.8;343.8;343.8;375.0;375.0;375.0;375.0;312.5;312.5;312.5;343.8;343.8;343.8;343.8;343.8;343.8;343.8;343.8;343.8;343.8;343.8;343.8;343.8;343.8;343.8;343.8;375.0;375.0;375.0;375.0;125.0;125.0;125.0;156.2;156.2;156.2;156.2;218.8;125.0;125.0;125.0;187.5;281.2;312.5;281.2;281.2;250.0;343.8;343.8;312.5;343.8;62.5;312.5;343.8;343.8;343.8;343.8;62.5;343.8;343.8;343.8;343.8;343.8;343.8;62.5;375.0;375.0;375.0;375.0;93.8;62.5;343.8;62.5;375.0;343.8;62.5;62.5	218.8	218.8	E	1	upsweep	gurgle?
58	Spectrogram 1	1	133.800147917	135.810303142	211.9	9926.6	343.8	1.544	2.010	31.2	375.0;375.0;312.5;343.8;312.5;343.8;312.5;343.8;312.5;312.5;312.5;312.5;312.5;312.5;312.5;312.5;312.5;312.5;312.5;312.5;312.5;312.5;312.5;312.5;343.8;343.8;343.8;343.8;343.8;343.8;343.8;343.8;343.8;343.8;343.8;343.8;343.8;343.8;343.8;343.8;343.8;343.8;343.8;343.8;343.8;343.8;343.8;343.8;343.8;343.8;343.8;343.8;343.8;343.8;343.8;343.8;343.8;343.8;343.8;343.8;343.8;312.5;343.8;343.8;343.8;343.8;312.5;343.8;343.8;343.8;343.8;343.8;343.8;343.8;343.8;343.8;343.8;343.8;343.8;343.8;343.8;343.8;343.8;312.5;343.8;343.8;343.8;343.8;343.8;312.5;312.5;343.8;343.8;343.8;343.8;343.8;343.8;343.8;343.8;343.8;343.8;343.8;375.0;343.8;343.8;343.8;343.8;343.8;343.8;343.8;343.8;343.8;343.8;343.8;343.8;343.8;343.8;343.8;343.8;343.8;343.8;343.8;343.8;343.8;343.8;343.8	343.8	343.8	G	1	tone	modulated cry
59	Spectrogram 1	1	136.256033213	137.191192383	137.7	7364.3	250.0	2.266	0.935	31.2	343.8;343.8;343.8;281.2;281.2;281.2;281.2;250.0;250.0;250.0;250.0;250.0;250.0;250.0;250.0;250.0;250.0;250.0;250.0;250.0;281.2;281.2;312.5;281.2;281.2;281.2;312.5;312.5;312.5;343.8;375.0;375.0;250.0;250.0;250.0;250.0;250.0;250.0;250.0;250.0;250.0;250.0;250.0;250.0;250.0;312.5;281.2;281.2;312.5;312.5;312.5;312.5;375.0;375.0;406.2;312.5;187.5;343.8	250.0	250.0	J	1	grunt	grunt
60	Spectrogram 1	1	137.383468100	137.890376809	116.5	1525.4	218.8	3.690	0.507	93.8	250.0;218.8;250.0;250.0;156.2;125.0;250.0;250.0;250.0;250.0;312.5;250.0;312.5;218.8;218.8;218.8;218.8;218.8;250.0;218.8;281.2;281.2;312.5;312.5;312.5;312.5;343.8;125.0;156.2;281.2;187.5;250.0	250.0	218.8	J	1	echo	grunt echo
61	Spectrogram 1	1	139.775813484	141.952025010	53.0	8705.7	187.5	3.192	2.176	156.2	125.0;125.0;62.5;125.0;125.0;125.0;125.0;125.0;125.0;125.0;125.0;125.0;125.0;125.0;125.0;125.0;125.0;125.0;125.0;125.0;125.0;125.0;125.0;125.0;125.0;125.0;125.0;125.0;125.0;125.0;125.0;125.0;125.0;156.2;156.2;156.2;156.2;187.5;187.5;218.8;218.8;218.8;250.0;281.2;281.2;281.2;312.5;312.5;312.5;312.5;312.5;312.5;312.5;312.5;312.5;312.5;312.5;312.5;312.5;312.5;312.5;312.5;312.5;343.8;312.5;343.8;343.8;343.8;343.8;312.5;312.5;312.5;312.5;312.5;312.5;312.5;312.5;312.5;312.5;312.5;312.5;312.5;312.5;312.5;312.5;343.8;343.8;343.8;343.8;343.8;343.8;343.8;343.8;125.0;125.0;125.0;156.2;156.2;156.2;218.8;156.2;187.5;62.5;250.0;250.0;250.0;281.2;312.5;281.2;281.2;312.5;343.8;312.5;312.5;312.5;312.5;312.5;312.5;312.5;312.5;312.5;312.5;312.5;312.5;343.8;343.8;343.8;343.8;312.5;343.8;343.8;62.5;406.2;343.8;343.8;343.8;406.2	218.8	187.5	E	1	upsweep, moan	gurgle?
62	Spectrogram 1	1	143.523754068	145.586348124	190.7	6855.1	312.5	1.524	2.063	31.2	343.8;343.8;343.8;281.2;343.8;343.8;312.5;312.5;312.5;312.5;312.5;312.5;312.5;312.5;312.5;312.5;312.5;312.5;312.5;312.5;312.5;312.5;312.5;312.5;312.5;312.5;312.5;312.5;312.5;312.5;312.5;312.5;312.5;312.5;312.5;312.5;312.5;312.5;312.5;312.5;312.5;312.5;312.5;312.5;312.5;312.5;312.5;312.5;312.5;312.5;312.5;312.5;312.5;343.8;343.8;343.8;343.8;343.8;343.8;343.8;343.8;343.8;343.8;343.8;312.5;312.5;312.5;312.5;312.5;312.5;343.8;343.8;312.5;312.5;312.5;343.8;343.8;343.8;343.8;343.8;343.8;343.8;343.8;343.8;343.8;312.5;312.5;312.5;312.5;312.5;312.5;312.5;312.5;312.5;312.5;312.5;312.5;312.5;312.5;312.5;343.8;312.5;312.5;312.5;312.5;312.5;312.5;312.5;343.8;312.5;343.8;312.5;343.8;343.8;343.8;312.5;343.8;343.8;343.8;343.8;343.8;343.8;250.0;343.8;343.8;312.5;343.8;343.8;312.5	312.5	312.5	G	1	tone	modulated cry
63	Spectrogram 1	1	145.656266567	146.766221843	116.5	3750.0	250.0	1.638	1.110	31.2	312.5;312.5;312.5;250.0;250.0;250.0;250.0;250.0;250.0;250.0;250.0;250.0;250.0;250.0;250.0;218.8;218.8;218.8;218.8;218.8;218.8;218.8;218.8;218.8;218.8;218.8;250.0;250.0;250.0;250.0;250.0;250.0;250.0;250.0;250.0;250.0;250.0;250.0;250.0;250.0;250.0;281.2;250.0;218.8;218.8;218.8;218.8;250.0;250.0;250.0;218.8;250.0;250.0;250.0;250.0;250.0;250.0;250.0;250.0;250.0;250.0;250.0;250.0;250.0;125.0;281.2;250.0;250.0;281.2	250.0	250.0	J	1	grunt	grunt
64	Spectrogram 1	1	147.211951914	148.584101350	97.4	3782.1	218.8	1.423	1.372	31.2	1125.0;1125.0;281.2;281.2;250.0;250.0;250.0;218.8;218.8;218.8;218.8;218.8;218.8;218.8;218.8;218.8;218.8;218.8;218.8;218.8;218.8;218.8;218.8;218.8;218.8;218.8;218.8;218.8;218.8;218.8;218.8;218.8;218.8;218.8;218.8;218.8;218.8;250.0;250.0;218.8;218.8;218.8;218.8;218.8;218.8;218.8;218.8;218.8;218.8;218.8;218.8;218.8;218.8;218.8;218.8;218.8;250.0;250.0;312.5;218.8;218.8;312.5;156.2;218.8;250.0;218.8;218.8;218.8;218.8;218.8;125.0;125.0;218.8;218.8;218.8;218.8;250.0;218.8;218.8;218.8;218.8;218.8;218.8;187.5;125.0;218.8	218.8	218.8	J	1	grunt	grunt
65	Spectrogram 1	1	149.977333942	152.205984299	67.4	4070.4	156.2	3.024	2.229	125.0	93.8;125.0;125.0;93.8;125.0;125.0;125.0;125.0;125.0;125.0;125.0;125.0;125.0;125.0;125.0;125.0;125.0;125.0;125.0;125.0;125.0;125.0;125.0;125.0;125.0;125.0;125.0;125.0;125.0;125.0;125.0;125.0;125.0;125.0;125.0;125.0;125.0;125.0;125.0;125.0;125.0;125.0;125.0;125.0;156.2;156.2;156.2;156.2;187.5;187.5;218.8;218.8;250.0;250.0;281.2;281.2;312.5;312.5;312.5;312.5;312.5;312.5;312.5;312.5;312.5;312.5;312.5;312.5;312.5;312.5;312.5;312.5;312.5;312.5;312.5;312.5;281.2;312.5;312.5;312.5;312.5;312.5;312.5;312.5;312.5;312.5;312.5;312.5;312.5;312.5;312.5;312.5;312.5;312.5;312.5;312.5;312.5;125.0;125.0;312.5;93.8;125.0;343.8;125.0;125.0;156.2;125.0;125.0;218.8;187.5;125.0;156.2;156.2;187.5;218.8;156.2;281.2;343.8;281.2;312.5;312.5;343.8;312.5;312.5;312.5;312.5;343.8;93.8;93.8;343.8;312.5;312.5;312.5;93.8;312.5;312.5;312.5;312.5;312.5	156.2	156.2	E	1	upsweep, moan	gurgle?
66	Spectrogram 1	1	153.972764249	155.860562199	172.3	9852.9	250.0	1.516	1.888	31.2	218.8;343.8;250.0;250.0;250.0;250.0;250.0;250.0;281.2;281.2;281.2;281.2;281.2;281.2;281.2;281.2;281.2;281.2;281.2;281.2;281.2;281.2;281.2;281.2;281.2;281.2;281.2;281.2;281.2;281.2;281.2;281.2;281.2;281.2;281.2;281.2;281.2;281.2;281.2;281.2;281.2;281.2;250.0;250.0;250.0;250.0;281.2;281.2;250.0;281.2;250.0;281.2;312.5;312.5;312.5;312.5;312.5;312.5;312.5;281.2;312.5;312.5;281.2;312.5;281.2;281.2;250.0;281.2;312.5;281.2;281.2;281.2;250.0;281.2;250.0;281.2;281.2;312.5;312.5;281.2;312.5;312.5;281.2;250.0;281.2;281.2;281.2;281.2;281.2;281.2;250.0;281.2;250.0;281.2;250.0;281.2;250.0;281.2;281.2;281.2;250.0;281.2;250.0;281.2;250.0;281.2;250.0;250.0;281.2;250.0;250.0;281.2;281.2;312.5;281.2;218.8;312.5;281.2	281.2	250.0	G	1	tone w slight upsweep	ascending moan?
67	Spectrogram 1	1	156.035358305	158.368886327	104.9	4763.4	218.8	1.691	2.334	31.2	250.0;250.0;250.0;250.0;250.0;281.2;281.2;281.2;281.2;281.2;281.2;281.2;281.2;281.2;281.2;250.0;250.0;250.0;218.8;218.8;218.8;218.8;218.8;218.8;218.8;218.8;218.8;218.8;218.8;218.8;250.0;250.0;250.0;250.0;250.0;250.0;250.0;250.0;250.0;250.0;250.0;250.0;250.0;250.0;218.8;218.8;218.8;250.0;218.8;218.8;250.0;250.0;250.0;250.0;250.0;250.0;250.0;250.0;250.0;250.0;250.0;250.0;250.0;250.0;250.0;218.8;250.0;281.2;281.2;281.2;281.2;281.2;281.2;281.2;250.0;281.2;281.2;281.2;218.8;250.0;250.0;250.0;218.8;187.5;218.8;218.8;218.8;218.8;218.8;250.0;250.0;250.0;250.0;250.0;218.8;187.5;218.8;187.5;218.8;187.5;187.5;187.5;187.5;187.5;187.5;187.5;187.5;218.8;218.8;218.8;218.8;218.8;218.8;218.8;218.8;218.8;218.8;218.8;218.8;218.8;218.8;187.5;187.5;187.5;187.5;187.5;187.5;187.5;187.5;218.8;218.8;218.8;218.8;218.8;218.8;218.8;218.8;218.8;218.8;218.8;218.8;125.0;125.0;125.0;250.0;125.0	218.8	218.8	J	1	grunt	grunt
68	Spectrogram 1	1	160.307687208	162.466419123	58.3	4069.5	156.2	2.587	2.159	62.5	62.5;125.0;62.5;125.0;125.0;125.0;125.0;125.0;125.0;125.0;125.0;125.0;125.0;125.0;125.0;125.0;125.0;125.0;125.0;125.0;125.0;125.0;125.0;125.0;125.0;125.0;125.0;125.0;125.0;125.0;125.0;125.0;125.0;125.0;125.0;125.0;125.0;125.0;125.0;125.0;125.0;125.0;125.0;125.0;125.0;125.0;125.0;125.0;156.2;156.2;156.2;187.5;187.5;218.8;218.8;250.0;250.0;250.0;281.2;281.2;281.2;281.2;281.2;312.5;312.5;312.5;312.5;312.5;312.5;343.8;343.8;156.2;156.2;156.2;218.8;218.8;250.0;156.2;250.0;250.0;250.0;281.2;125.0;125.0;312.5;312.5;312.5;312.5;312.5;312.5;343.8;343.8;343.8;125.0;125.0;125.0;62.5;125.0;125.0;125.0;125.0;125.0;125.0;125.0;125.0;125.0;125.0;125.0;125.0;156.2;156.2;156.2;156.2;156.2;156.2;62.5;218.8;281.2;281.2;281.2;250.0;250.0;250.0;281.2;250.0;281.2;125.0;281.2;62.5;125.0;62.5;62.5;312.5;62.5;125.0	156.2	156.2	E	1	upsweep	gurgle
69	Spectrogram 1	1	164.033522637	166.096116693	149.8	3811.3	250.0	1.352	2.063	31.2	281.2;281.2;250.0;281.2;281.2;281.2;281.2;281.2;281.2;281.2;281.2;281.2;281.2;250.0;281.2;250.0;250.0;250.0;250.0;250.0;250.0;250.0;250.0;250.0;250.0;250.0;250.0;250.0;250.0;250.0;250.0;250.0;250.0;250.0;250.0;250.0;250.0;250.0;250.0;250.0;250.0;250.0;250.0;250.0;250.0;250.0;250.0;250.0;250.0;250.0;250.0;250.0;250.0;250.0;250.0;250.0;250.0;250.0;250.0;250.0;250.0;250.0;250.0;250.0;250.0;250.0;250.0;281.2;281.2;281.2;250.0;281.2;250.0;250.0;281.2;250.0;281.2;250.0;250.0;250.0;250.0;250.0;250.0;250.0;250.0;250.0;250.0;250.0;250.0;250.0;281.2;250.0;250.0;250.0;250.0;250.0;250.0;250.0;250.0;250.0;250.0;250.0;250.0;250.0;250.0;250.0;250.0;250.0;281.2;250.0;281.2;250.0;250.0;250.0;250.0;250.0;250.0;250.0;250.0;250.0;250.0;250.0;250.0;250.0;250.0;250.0;250.0;250.0;250.0	250.0	250.0	G	1	tone	purr
70	Spectrogram 1	1	166.166035135	167.284730217	119.9	5288.0	218.8	1.361	1.119	31.2	250.0;250.0;250.0;250.0;218.8;218.8;218.8;218.8;218.8;218.8;218.8;218.8;218.8;218.8;218.8;218.8;218.8;218.8;218.8;218.8;218.8;218.8;218.8;218.8;218.8;218.8;218.8;218.8;218.8;218.8;218.8;218.8;218.8;218.8;218.8;218.8;250.0;218.8;218.8;250.0;250.0;250.0;250.0;250.0;250.0;250.0;218.8;218.8;218.8;218.8;218.8;218.8;218.8;218.8;218.8;218.8;218.8;218.8;250.0;250.0;218.8;250.0;250.0;250.0;250.0;250.0;250.0;250.0;218.8;250.0	218.8	218.8	J	1	tone	modulated moans (F)
71	Spectrogram 1	1	167.337169049	168.892854396	97.4	3595.5	218.8	1.479	1.556	31.2	218.8;218.8;218.8;218.8;218.8;218.8;218.8;218.8;218.8;218.8;218.8;218.8;218.8;187.5;218.8;187.5;187.5;218.8;187.5;218.8;218.8;218.8;218.8;218.8;218.8;218.8;218.8;218.8;218.8;218.8;218.8;218.8;218.8;218.8;218.8;218.8;218.8;218.8;218.8;218.8;187.5;218.8;218.8;218.8;218.8;218.8;218.8;218.8;218.8;218.8;218.8;218.8;218.8;218.8;218.8;218.8;218.8;218.8;125.0;218.8;218.8;218.8;187.5;218.8;250.0;218.8;250.0;218.8;156.2;125.0;218.8;218.8;125.0;218.8;125.0;218.8;218.8;218.8;218.8;187.5;218.8;218.8;218.8;218.8;218.8;125.0;125.0;218.8;218.8;218.8;125.0;218.8;218.8;218.8;187.5;218.8;125.0	218.8	218.8	J	1	grunt	grunt
72	Spectrogram 1	1	170.276422187	171.875806561	37.5	9635.1	156.2	2.673	1.599	62.5	125.0;125.0;125.0;125.0;125.0;125.0;125.0;125.0;125.0;125.0;125.0;125.0;125.0;125.0;125.0;125.0;125.0;125.0;125.0;125.0;125.0;125.0;125.0;125.0;125.0;125.0;125.0;125.0;125.0;125.0;125.0;125.0;125.0;125.0;125.0;125.0;125.0;125.0;125.0;125.0;125.0;125.0;125.0;125.0;125.0;125.0;125.0;125.0;156.2;156.2;156.2;187.5;187.5;218.8;218.8;250.0;281.2;281.2;281.2;312.5;312.5;125.0;125.0;125.0;343.8;343.8;343.8;343.8;343.8;312.5;312.5;312.5;312.5;312.5;312.5;312.5;312.5;312.5;250.0;281.2;62.5;250.0;62.5;375.0;375.0;375.0;343.8;312.5;343.8;343.8;343.8;312.5;312.5;312.5;312.5;125.0;125.0;125.0;62.5;125.0	156.2	156.2	E	1	upsweep	gurgle?
73	Spectrogram 1	1	174.172014277	175.753919040	157.3	8576.4	250.0	1.380	1.582	31.2	187.5;343.8;250.0;281.2;250.0;250.0;281.2;250.0;281.2;281.2;250.0;250.0;250.0;250.0;250.0;250.0;250.0;250.0;250.0;250.0;250.0;250.0;250.0;250.0;250.0;250.0;250.0;250.0;250.0;250.0;250.0;250.0;250.0;250.0;250.0;250.0;250.0;250.0;250.0;250.0;250.0;250.0;250.0;250.0;250.0;250.0;250.0;250.0;250.0;250.0;250.0;250.0;250.0;250.0;250.0;250.0;250.0;281.2;250.0;281.2;250.0;281.2;250.0;250.0;250.0;250.0;250.0;250.0;250.0;250.0;250.0;250.0;281.2;281.2;312.5;281.2;281.2;281.2;281.2;281.2;281.2;250.0;281.2;250.0;250.0;250.0;281.2;250.0;250.0;250.0;250.0;250.0;250.0;250.0;281.2;281.2;281.2;281.2;343.8	250.0	250.0	G	1	tone	purr (D)
74	Spectrogram 1	1	176.416294065	177.631127005	112.4	5187.3	218.8	1.361	1.215	31.2	281.2;250.0;218.8;250.0;250.0;250.0;250.0;218.8;218.8;218.8;218.8;218.8;218.8;218.8;218.8;218.8;218.8;218.8;218.8;218.8;218.8;218.8;218.8;218.8;218.8;218.8;218.8;218.8;218.8;218.8;218.8;218.8;218.8;218.8;218.8;218.8;218.8;218.8;218.8;218.8;218.8;218.8;218.8;218.8;218.8;218.8;218.8;218.8;218.8;218.8;218.8;218.8;218.8;218.8;218.8;218.8;218.8;218.8;218.8;218.8;218.8;218.8;218.8;218.8;218.8;218.8;218.8;218.8;218.8;218.8;218.8;250.0;218.8;250.0;218.8	218.8	218.8	J	1	tone, vib	trill
75	Spectrogram 1	1	177.840882332	178.819740529	104.9	3857.7	218.8	1.362	0.979	31.2	250.0;250.0;250.0;218.8;218.8;187.5;187.5;187.5;218.8;187.5;218.8;218.8;187.5;218.8;218.8;218.8;218.8;218.8;218.8;218.8;218.8;218.8;218.8;218.8;218.8;218.8;218.8;218.8;218.8;218.8;218.8;218.8;218.8;218.8;218.8;218.8;218.8;218.8;218.8;218.8;218.8;187.5;218.8;218.8;218.8;218.8;218.8;218.8;218.8;218.8;218.8;250.0;125.0;125.0;218.8;250.0;187.5;218.8;218.8;250.0;250.0	218.8	218.8	J	1	tone	groan
76	Spectrogram 1	1	180.720807014	182.573645742	44.9	3898.1	125.0	2.375	1.853	125.0	125.0;125.0;250.0;125.0;250.0;250.0;250.0;125.0;125.0;125.0;125.0;250.0;250.0;125.0;125.0;125.0;250.0;125.0;125.0;125.0;125.0;125.0;125.0;125.0;125.0;125.0;125.0;125.0;125.0;125.0;125.0;125.0;125.0;125.0;125.0;125.0;125.0;125.0;125.0;125.0;125.0;125.0;125.0;125.0;125.0;125.0;125.0;125.0;125.0;125.0;125.0;125.0;125.0;125.0;125.0;125.0;125.0;125.0;125.0;125.0;125.0;156.2;156.2;156.2;156.2;156.2;281.2;281.2;218.8;281.2;250.0;250.0;250.0;281.2;250.0;250.0;250.0;250.0;250.0;250.0;250.0;281.2;281.2;281.2;281.2;281.2;281.2;125.0;156.2;125.0;125.0;125.0;125.0;125.0;62.5;125.0;125.0;250.0;281.2;250.0;156.2;125.0;125.0;125.0;156.2;125.0;125.0;156.2;125.0;281.2;125.0;62.5;281.2;62.5;281.2	156.2	125.0	E	1	tone w slight upsweep	ascending moan?
77	Spectrogram 1	1	184.531776036	186.410834180	119.9	4099.4	250.0	1.398	1.879	0.0	156.2;218.8;250.0;218.8;218.8;218.8;218.8;250.0;218.8;218.8;250.0;218.8;218.8;125.0;218.8;218.8;218.8;218.8;218.8;218.8;218.8;218.8;218.8;218.8;218.8;250.0;250.0;250.0;250.0;250.0;250.0;250.0;250.0;250.0;250.0;250.0;250.0;250.0;250.0;250.0;250.0;250.0;250.0;250.0;250.0;250.0;250.0;250.0;250.0;250.0;250.0;250.0;250.0;250.0;250.0;250.0;250.0;250.0;250.0;250.0;250.0;250.0;250.0;250.0;250.0;250.0;250.0;250.0;250.0;250.0;250.0;250.0;250.0;250.0;250.0;250.0;250.0;250.0;250.0;250.0;250.0;250.0;250.0;250.0;250.0;250.0;250.0;250.0;250.0;250.0;250.0;250.0;250.0;250.0;218.8;250.0;250.0;250.0;250.0;250.0;218.8;250.0;250.0;250.0;250.0;250.0;250.0;250.0;250.0;250.0;250.0;250.0;250.0;250.0;250.0;250.0;250.0	250.0	250.0	G	1	tone	modulated moan
78	Spectrogram 1	1	186.551692595	188.195566108	97.4	3910.9	218.8	1.393	1.644	0.0	250.0;250.0;250.0;250.0;250.0;250.0;250.0;250.0;250.0;250.0;250.0;250.0;250.0;250.0;250.0;250.0;250.0;250.0;250.0;250.0;250.0;250.0;250.0;250.0;250.0;250.0;250.0;250.0;218.8;218.8;218.8;218.8;250.0;218.8;218.8;218.8;218.8;218.8;250.0;218.8;218.8;218.8;218.8;218.8;218.8;218.8;218.8;218.8;218.8;218.8;218.8;218.8;218.8;218.8;218.8;218.8;218.8;218.8;218.8;218.8;218.8;218.8;218.8;218.8;218.8;218.8;218.8;218.8;218.8;218.8;218.8;218.8;218.8;218.8;218.8;218.8;218.8;218.8;218.8;218.8;218.8;218.8;218.8;218.8;218.8;218.8;218.8;250.0;218.8;218.8;218.8;218.8;218.8;218.8;218.8;218.8;218.8;218.8;218.8;218.8;218.8;250.0;218.8	218.8	218.8	J	1	grunt	purr
79	Spectrogram 1	1	188.282085766	188.998962937	97.4	1318.4	187.5	2.063	0.717	31.2	187.5;156.2;187.5;218.8;187.5;187.5;187.5;187.5;187.5;187.5;187.5;187.5;187.5;187.5;187.5;187.5;187.5;187.5;187.5;187.5;187.5;187.5;218.8;218.8;218.8;187.5;156.2;218.8;187.5;156.2;187.5;187.5;125.0;218.8;187.5;187.5;187.5;187.5;187.5;187.5;187.5;125.0;125.0;218.8;125.0	187.5	187.5	J	1	grunt	purr
80	Spectrogram 1	1	190.843713724	193.229184310	52.4	13620.0	156.2	2.441	2.385	125.0	312.5;281.2;281.2;281.2;281.2;281.2;281.2;281.2;281.2;281.2;281.2;281.2;281.2;281.2;281.2;281.2;281.2;281.2;281.2;281.2;281.2;281.2;281.2;281.2;281.2;281.2;312.5;281.2;156.2;156.2;156.2;156.2;156.2;156.2;156.2;281.2;156.2;156.2;156.2;156.2;156.2;156.2;156.2;156.2;156.2;156.2;156.2;156.2;156.2;156.2;156.2;156.2;156.2;156.2;156.2;156.2;281.2;156.2;156.2;156.2;156.2;156.2;156.2;156.2;156.2;156.2;156.2;156.2;156.2;156.2;156.2;156.2;156.2;156.2;156.2;156.2;281.2;281.2;281.2;281.2;281.2;281.2;312.5;312.5;312.5;312.5;312.5;281.2;312.5;281.2;156.2;156.2;156.2;156.2;156.2;312.5;312.5;312.5;312.5;281.2;281.2;312.5;281.2;281.2;312.5;281.2;281.2;281.2;312.5;281.2;281.2;281.2;281.2;281.2;281.2;281.2;281.2;281.2;281.2;281.2;281.2;281.2;281.2;281.2;281.2;281.2;281.2;281.2;312.5;156.2;156.2;312.5;312.5;312.5;281.2;312.5;281.2;312.5;281.2;62.5;312.5;93.8;62.5;93.8;62.5;281.2;281.2;281.2;62.5	250.0	156.2	K	1	tone w slight upsweep	ascending moan?
81	Spectrogram 1	1	195.153241752	196.142037850	164.8	4790.8	250.0	1.658	0.989	31.2	250.0;250.0;250.0;250.0;250.0;250.0;250.0;250.0;218.8;250.0;250.0;250.0;250.0;250.0;250.0;250.0;250.0;250.0;250.0;250.0;250.0;250.0;250.0;250.0;250.0;250.0;250.0;250.0;250.0;250.0;250.0;250.0;250.0;250.0;250.0;250.0;250.0;250.0;250.0;250.0;250.0;250.0;250.0;218.8;218.8;250.0;250.0;250.0;218.8;218.8;250.0;218.8;250.0;250.0;250.0;250.0;250.0;250.0;250.0;250.0;187.5	250.0	250.0	L	1	grunt	purr
82	Spectrogram 1	1	196.335702121	199.116691146	104.9	9443.4	218.8	1.635	2.781	31.2	250.0;250.0;218.8;218.8;250.0;250.0;250.0;250.0;250.0;250.0;250.0;250.0;250.0;250.0;250.0;250.0;250.0;250.0;250.0;250.0;250.0;250.0;250.0;250.0;250.0;250.0;250.0;250.0;250.0;250.0;250.0;250.0;250.0;250.0;250.0;250.0;250.0;250.0;218.8;250.0;250.0;218.8;250.0;250.0;250.0;250.0;218.8;218.8;218.8;218.8;218.8;218.8;218.8;218.8;218.8;218.8;218.8;218.8;218.8;218.8;218.8;218.8;218.8;218.8;218.8;218.8;218.8;218.8;218.8;218.8;218.8;218.8;218.8;218.8;218.8;218.8;218.8;218.8;218.8;218.8;218.8;218.8;218.8;218.8;218.8;218.8;218.8;218.8;218.8;218.8;218.8;218.8;218.8;218.8;218.8;218.8;218.8;218.8;218.8;218.8;218.8;218.8;218.8;218.8;218.8;218.8;218.8;218.8;218.8;218.8;218.8;218.8;218.8;218.8;218.8;218.8;218.8;218.8;218.8;218.8;218.8;218.8;218.8;218.8;218.8;218.8;218.8;218.8;218.8;218.8;218.8;218.8;218.8;218.8;218.8;218.8;218.8;218.8;218.8;218.8;218.8;218.8;218.8;218.8;218.8;218.8;218.8;218.8;218.8;218.8;218.8;218.8;218.8;218.8;218.8;218.8;218.8;218.8;218.8;218.8;218.8;218.8;218.8;218.8;218.8;218.8;125.0;218.8;218.8;218.8;218.8;218.8;125.0;125.0	218.8	218.8	L	1	series of grunts	purr
83	Spectrogram 1	1	201.408466383	203.484938188	82.4	12807.6	156.2	2.378	2.076	156.2	156.2;156.2;312.5;93.8;312.5;312.5;156.2;312.5;312.5;312.5;312.5;312.5;156.2;156.2;156.2;312.5;156.2;312.5;312.5;156.2;156.2;312.5;156.2;156.2;156.2;156.2;156.2;156.2;156.2;156.2;156.2;156.2;156.2;156.2;156.2;156.2;156.2;156.2;156.2;156.2;156.2;156.2;156.2;156.2;156.2;156.2;156.2;156.2;156.2;156.2;156.2;156.2;156.2;156.2;156.2;156.2;156.2;156.2;156.2;156.2;156.2;156.2;156.2;156.2;156.2;156.2;156.2;156.2;156.2;156.2;156.2;156.2;156.2;156.2;156.2;312.5;312.5;312.5;312.5;343.8;343.8;312.5;343.8;343.8;343.8;343.8;343.8;343.8;156.2;156.2;156.2;156.2;156.2;312.5;312.5;312.5;312.5;312.5;312.5;156.2;156.2;156.2;156.2;156.2;156.2;156.2;156.2;156.2;156.2;156.2;156.2;156.2;156.2;312.5;312.5;156.2;156.2;156.2;156.2;156.2;156.2;156.2;93.8;156.2;156.2;156.2;93.8;93.8;156.2	187.5	156.2	K	1	tone/moan	modulated moan
84	Spectrogram 1	1	205.735309210	210.629600190	104.9	4863.7	218.8	1.562	4.894	31.2	125.0;125.0;250.0;125.0;250.0;250.0;250.0;218.8;218.8;125.0;218.8;218.8;218.8;218.8;218.8;218.8;218.8;218.8;218.8;218.8;218.8;218.8;218.8;218.8;218.8;218.8;218.8;218.8;218.8;218.8;218.8;218.8;218.8;218.8;218.8;187.5;218.8;218.8;218.8;218.8;218.8;218.8;218.8;218.8;218.8;218.8;218.8;218.8;218.8;218.8;218.8;218.8;218.8;218.8;218.8;218.8;218.8;218.8;218.8;218.8;218.8;218.8;218.8;218.8;218.8;218.8;218.8;218.8;218.8;218.8;218.8;218.8;218.8;218.8;218.8;218.8;218.8;218.8;218.8;218.8;218.8;218.8;250.0;218.8;250.0;250.0;218.8;218.8;218.8;218.8;218.8;218.8;218.8;218.8;218.8;218.8;218.8;218.8;218.8;218.8;218.8;218.8;218.8;218.8;218.8;218.8;218.8;218.8;218.8;218.8;218.8;218.8;218.8;218.8;218.8;218.8;218.8;218.8;218.8;218.8;218.8;218.8;218.8;218.8;218.8;218.8;218.8;218.8;218.8;218.8;218.8;218.8;218.8;218.8;218.8;218.8;218.8;218.8;218.8;218.8;218.8;218.8;218.8;218.8;218.8;218.8;218.8;218.8;218.8;218.8;218.8;218.8;218.8;218.8;218.8;218.8;218.8;218.8;218.8;218.8;218.8;218.8;218.8;218.8;218.8;218.8;218.8;218.8;218.8;218.8;218.8;218.8;218.8;218.8;218.8;218.8;218.8;218.8;218.8;218.8;218.8;218.8;218.8;218.8;218.8;218.8;218.8;218.8;218.8;218.8;218.8;218.8;218.8;218.8;218.8;218.8;218.8;218.8;218.8;218.8;218.8;218.8;218.8;218.8;218.8;218.8;187.5;218.8;218.8;218.8;187.5;218.8;218.8;187.5;218.8;218.8;187.5;187.5;218.8;218.8;187.5;218.8;218.8;187.5;218.8;218.8;187.5;218.8;218.8;187.5;187.5;218.8;187.5;187.5;218.8;218.8;187.5;218.8;218.8;187.5;187.5;218.8;187.5;187.5;218.8;187.5;187.5;218.8;187.5;218.8;187.5;187.5;218.8;187.5;218.8;218.8;187.5;187.5;218.8;218.8;218.8;218.8;218.8;218.8;218.8;218.8;187.5;187.5;187.5;187.5;187.5;187.5;187.5;187.5;187.5;187.5;187.5;187.5;187.5;218.8;187.5;187.5;187.5;218.8;218.8;187.5;187.5;187.5;125.0;218.8;187.5;187.5;187.5;218.8;187.5;156.2;218.8;187.5;187.5;125.0;187.5;187.5;218.8;218.8;218.8;218.8	218.8	218.8	L	1	series of grunts	purr
85	Spectrogram 1	1	212.272175486	214.736800587	89.9	9160.7	343.8	2.441	2.465	187.5	343.8;343.8;312.5;343.8;312.5;343.8;343.8;343.8;343.8;343.8;343.8;343.8;343.8;343.8;343.8;156.2;156.2;187.5;187.5;156.2;187.5;187.5;187.5;187.5;187.5;187.5;187.5;187.5;187.5;187.5;187.5;187.5;187.5;187.5;187.5;187.5;187.5;187.5;187.5;187.5;156.2;187.5;187.5;187.5;187.5;187.5;187.5;187.5;187.5;187.5;187.5;187.5;187.5;187.5;187.5;343.8;187.5;343.8;187.5;343.8;343.8;187.5;187.5;187.5;187.5;187.5;187.5;187.5;187.5;187.5;187.5;187.5;187.5;187.5;187.5;343.8;343.8;343.8;343.8;343.8;156.2;156.2;156.2;343.8;343.8;343.8;343.8;343.8;156.2;156.2;343.8;343.8;343.8;343.8;343.8;343.8;343.8;343.8;312.5;343.8;343.8;343.8;312.5;343.8;343.8;375.0;343.8;375.0;343.8;343.8;343.8;343.8;343.8;343.8;343.8;343.8;343.8;343.8;343.8;343.8;343.8;343.8;343.8;343.8;343.8;343.8;343.8;343.8;343.8;343.8;343.8;343.8;343.8;343.8;343.8;343.8;343.8;156.2;343.8;343.8;343.8;343.8;343.8;343.8;93.8;343.8;93.8;93.8;93.8;93.8;93.8;93.8;187.5;93.8	187.5	343.8	K	1	tone w slight downsweep	descending moan
86	Spectrogram 1	1	218.095494500	220.612558433	52.4	11619.0	93.8	3.780	2.517	125.0	62.5;62.5;62.5;250.0;250.0;187.5;62.5;62.5;93.8;62.5;187.5;62.5;62.5;187.5;93.8;62.5;93.8;62.5;1125.0;93.8;93.8;93.8;93.8;93.8;62.5;62.5;93.8;62.5;62.5;62.5;62.5;62.5;62.5;62.5;93.8;93.8;93.8;93.8;62.5;62.5;93.8;125.0;62.5;93.8;93.8;62.5;93.8;93.8;93.8;93.8;62.5;62.5;62.5;62.5;62.5;62.5;62.5;218.8;62.5;62.5;125.0;125.0;62.5;62.5;62.5;93.8;62.5;93.8;62.5;62.5;93.8;62.5;93.8;187.5;93.8;62.5;62.5;93.8;62.5;62.5;62.5;62.5;93.8;187.5;93.8;187.5;93.8;93.8;62.5;93.8;93.8;93.8;93.8;93.8;93.8;93.8;93.8;93.8;93.8;93.8;93.8;93.8;93.8;93.8;93.8;93.8;93.8;93.8;93.8;93.8;93.8;93.8;93.8;93.8;93.8;93.8;93.8;93.8;93.8;93.8;93.8;93.8;93.8;93.8;93.8;93.8;93.8;93.8;93.8;93.8;93.8;93.8;93.8;93.8;93.8;93.8;93.8;93.8;93.8;93.8;93.8;93.8;62.5;62.5;93.8;93.8;62.5;93.8;62.5;93.8;62.5;62.5;62.5;93.8;62.5;156.2;62.5;62.5	93.8	93.8	M	1	series of grunts	grunts
87	Spectrogram 1	1	222.622713657	225.419451361	97.4	11936.1	343.8	2.592	2.797	187.5	343.8;343.8;343.8;187.5;375.0;156.2;187.5;187.5;375.0;187.5;343.8;343.8;343.8;343.8;343.8;343.8;187.5;187.5;187.5;187.5;187.5;187.5;187.5;187.5;187.5;187.5;187.5;187.5;187.5;187.5;187.5;187.5;187.5;187.5;187.5;187.5;187.5;187.5;187.5;187.5;187.5;187.5;187.5;187.5;187.5;187.5;187.5;187.5;187.5;187.5;187.5;187.5;187.5;187.5;187.5;187.5;187.5;187.5;187.5;187.5;187.5;187.5;187.5;187.5;343.8;343.8;343.8;343.8;343.8;343.8;343.8;343.8;343.8;187.5;187.5;187.5;187.5;187.5;343.8;343.8;343.8;343.8;187.5;343.8;343.8;343.8;343.8;343.8;187.5;187.5;343.8;343.8;343.8;156.2;156.2;343.8;343.8;343.8;343.8;343.8;343.8;343.8;343.8;343.8;343.8;343.8;343.8;343.8;343.8;343.8;343.8;343.8;343.8;343.8;343.8;343.8;343.8;343.8;343.8;343.8;375.0;343.8;343.8;125.0;343.8;593.8;343.8;125.0;156.2;343.8;343.8;343.8;343.8;343.8;375.0;343.8;375.0;343.8;343.8;343.8;343.8;343.8;343.8;343.8;343.8;343.8;343.8;343.8;343.8;343.8;343.8;250.0;531.2;125.0;343.8;250.0;343.8;343.8;343.8;343.8;343.8;343.8;343.8;343.8;343.8;343.8;343.8;187.5;125.0;343.8;343.8;125.0;156.2;125.0;125.0	343.8	343.8	K	1	tone w slight downsweep	descending moan
88	Spectrogram 1	1	229.377601503	231.073123735	636.7	9451.9	1437.5	5.803	1.696	625.0	1156.2;1156.2;687.5;1187.5;687.5;1187.5;687.5;687.5;718.8;1125.0;1125.0;718.8;1125.0;1218.8;1468.8;1187.5;1125.0;1218.8;1125.0;1125.0;1468.8;1156.2;1156.2;1406.2;1406.2;1406.2;1375.0;1250.0;1406.2;1375.0;1406.2;1375.0;1125.0;1437.5;1375.0;1375.0;1250.0;1437.5;1437.5;1375.0;1375.0;1406.2;1375.0;1406.2;1375.0;1375.0;1375.0;1406.2;1437.5;1437.5;1437.5;1437.5;1406.2;1968.8;1031.2;1406.2;1437.5;906.2;1406.2;968.8;1468.8;1468.8;1406.2;1468.8;1406.2;1437.5;1468.8;1437.5;1437.5;1468.8;1468.8;1437.5;1437.5;1437.5;1468.8;1437.5;1437.5;1375.0;1406.2;1406.2;1406.2;1437.5;1437.5;1343.8;1000.0;1312.5;1406.2;1406.2;1437.5;1031.2;1375.0;1468.8;1437.5;1437.5;1437.5;1437.5;1437.5;1312.5;1468.8;687.5;1312.5;687.5;1562.5;1187.5;1343.8;1000.0	1406.2	1437.5	M	1	grunts	grunts
89	Spectrogram 1	1	233.030840128	236.019853548	74.9	12731.4	343.8	2.531	2.989	187.5	187.5;125.0;343.8;93.8;93.8;343.8;343.8;343.8;156.2;343.8;343.8;343.8;343.8;343.8;312.5;312.5;312.5;343.8;343.8;343.8;343.8;343.8;343.8;187.5;187.5;187.5;187.5;187.5;187.5;187.5;187.5;187.5;187.5;187.5;343.8;343.8;343.8;343.8;343.8;343.8;343.8;343.8;156.2;187.5;187.5;187.5;187.5;187.5;187.5;187.5;187.5;187.5;187.5;187.5;187.5;187.5;187.5;187.5;187.5;187.5;187.5;187.5;187.5;187.5;187.5;187.5;187.5;187.5;187.5;343.8;343.8;343.8;187.5;187.5;187.5;187.5;187.5;187.5;187.5;187.5;187.5;187.5;187.5;187.5;187.5;187.5;187.5;187.5;343.8;343.8;343.8;156.2;156.2;156.2;343.8;343.8;343.8;156.2;156.2;156.2;156.2;343.8;343.8;343.8;343.8;343.8;156.2;156.2;343.8;343.8;343.8;343.8;343.8;343.8;343.8;343.8;343.8;343.8;343.8;156.2;343.8;343.8;343.8;343.8;343.8;156.2;343.8;343.8;343.8;343.8;343.8;343.8;312.5;343.8;343.8;343.8;343.8;343.8;343.8;343.8;375.0;343.8;343.8;343.8;343.8;343.8;343.8;343.8;343.8;343.8;343.8;343.8;93.8;93.8;156.2;93.8;343.8;343.8;343.8;156.2;156.2;343.8;343.8;93.8;343.8;343.8;343.8;343.8;343.8;343.8;343.8;343.8;343.8;125.0;312.5;93.8;125.0;93.8;343.8;93.8;343.8;343.8;93.8;125.0;218.8;343.8;93.8	187.5	343.8	K	1	tone w slight downsweep	descending moan
90	Spectrogram 1	1	239.575972646	241.219056046	37.5	6842.1	93.8	2.418	1.643	31.2	93.8;93.8;187.5;93.8;62.5;93.8;156.2;93.8;93.8;93.8;93.8;62.5;93.8;93.8;62.5;93.8;93.8;93.8;62.5;93.8;62.5;93.8;93.8;62.5;93.8;93.8;93.8;93.8;93.8;93.8;93.8;93.8;93.8;93.8;93.8;93.8;93.8;93.8;93.8;93.8;93.8;93.8;93.8;93.8;93.8;93.8;93.8;93.8;93.8;93.8;93.8;93.8;93.8;93.8;93.8;93.8;93.8;93.8;93.8;93.8;93.8;93.8;93.8;93.8;93.8;93.8;93.8;93.8;93.8;93.8;93.8;62.5;93.8;93.8;93.8;93.8;93.8;93.8;93.8;93.8;93.8;93.8;93.8;93.8;93.8;93.8;93.8;187.5;93.8;93.8;93.8;62.5;93.8;62.5;93.8;62.5;93.8;93.8;62.5;62.5;93.8;93.8;93.8	93.8	93.8	M	1	grunts	grunts
91	Spectrogram 1	1	243.687306097	246.553962243	127.3	11554.1	406.2	2.841	2.867	218.8	218.8;218.8;187.5;187.5;218.8;218.8;187.5;218.8;187.5;187.5;218.8;218.8;187.5;218.8;187.5;218.8;218.8;187.5;187.5;218.8;187.5;218.8;187.5;187.5;187.5;187.5;187.5;187.5;187.5;187.5;187.5;218.8;187.5;187.5;187.5;187.5;218.8;218.8;218.8;218.8;187.5;187.5;187.5;406.2;187.5;406.2;187.5;406.2;187.5;187.5;187.5;187.5;187.5;187.5;187.5;187.5;406.2;406.2;406.2;406.2;406.2;406.2;406.2;406.2;406.2;406.2;406.2;406.2;406.2;187.5;187.5;187.5;187.5;218.8;406.2;406.2;406.2;406.2;406.2;406.2;406.2;406.2;406.2;406.2;406.2;406.2;406.2;406.2;406.2;406.2;406.2;187.5;406.2;406.2;406.2;406.2;406.2;187.5;187.5;187.5;406.2;406.2;406.2;187.5;187.5;406.2;406.2;187.5;187.5;406.2;406.2;187.5;187.5;406.2;406.2;187.5;187.5;187.5;187.5;187.5;187.5;187.5;375.0;187.5;187.5;187.5;187.5;187.5;375.0;187.5;187.5;187.5;187.5;187.5;375.0;375.0;187.5;375.0;375.0;375.0;375.0;375.0;375.0;375.0;375.0;375.0;375.0;375.0;375.0;375.0;375.0;375.0;375.0;375.0;375.0;375.0;375.0;375.0;375.0;375.0;406.2;406.2;375.0;406.2;406.2;156.2;375.0;406.2;375.0;375.0;406.2;406.2;375.0;375.0;406.2;406.2;406.2;218.8;156.2	375.0	406.2	K	1	tone w slight downsweep	descending moan
92	Spectrogram 1	1	249.149718649	251.177353484	37.5	2734.1	125.0	2.663	2.028	125.0	125.0;62.5;125.0;93.8;125.0;93.8;62.5;93.8;125.0;187.5;62.5;93.8;62.5;125.0;125.0;125.0;156.2;93.8;125.0;62.5;125.0;125.0;125.0;125.0;125.0;125.0;125.0;125.0;125.0;125.0;125.0;125.0;125.0;125.0;125.0;125.0;125.0;125.0;125.0;125.0;125.0;125.0;125.0;125.0;125.0;125.0;125.0;250.0;125.0;125.0;250.0;250.0;125.0;250.0;125.0;250.0;250.0;250.0;250.0;250.0;250.0;250.0;125.0;125.0;125.0;125.0;125.0;125.0;125.0;125.0;125.0;125.0;125.0;125.0;125.0;125.0;125.0;125.0;125.0;125.0;125.0;125.0;125.0;125.0;125.0;125.0;125.0;125.0;125.0;125.0;125.0;125.0;125.0;125.0;125.0;125.0;125.0;125.0;125.0;125.0;125.0;250.0;125.0;125.0;125.0;125.0;125.0;125.0;125.0;62.5;125.0;62.5;125.0;125.0;93.8;125.0;125.0;125.0;62.5;62.5;62.5;312.5;62.5;218.8;62.5;93.8;125.0	156.2	125.0	N	1	moan	groan
93	Spectrogram 1	1	253.999133805	257.445352257	119.9	12455.5	218.8	2.438	3.446	31.2	156.2;125.0;125.0;125.0;406.2;406.2;125.0;125.0;125.0;187.5;218.8;437.5;437.5;125.0;156.2;125.0;437.5;218.8;218.8;218.8;437.5;437.5;437.5;437.5;437.5;218.8;406.2;437.5;437.5;218.8;437.5;218.8;218.8;437.5;437.5;437.5;218.8;218.8;218.8;218.8;218.8;218.8;218.8;218.8;218.8;218.8;218.8;218.8;218.8;218.8;218.8;218.8;218.8;218.8;218.8;218.8;218.8;218.8;218.8;218.8;218.8;218.8;218.8;218.8;218.8;218.8;218.8;218.8;218.8;218.8;218.8;218.8;218.8;218.8;218.8;218.8;218.8;218.8;218.8;218.8;218.8;218.8;218.8;218.8;218.8;218.8;218.8;218.8;218.8;218.8;218.8;218.8;218.8;218.8;218.8;218.8;218.8;218.8;218.8;218.8;218.8;218.8;218.8;218.8;218.8;218.8;218.8;218.8;218.8;218.8;218.8;218.8;218.8;218.8;218.8;218.8;218.8;218.8;218.8;218.8;218.8;218.8;218.8;218.8;218.8;218.8;218.8;218.8;218.8;218.8;218.8;218.8;218.8;218.8;218.8;406.2;437.5;406.2;406.2;437.5;437.5;218.8;437.5;437.5;437.5;437.5;406.2;437.5;406.2;406.2;406.2;406.2;406.2;437.5;406.2;406.2;406.2;437.5;406.2;437.5;437.5;437.5;437.5;437.5;437.5;437.5;437.5;437.5;437.5;437.5;437.5;437.5;187.5;218.8;437.5;218.8;437.5;406.2;437.5;437.5;437.5;406.2;406.2;437.5;437.5;218.8;406.2;437.5;125.0;406.2;406.2;406.2;406.2;187.5;406.2;125.0;125.0;406.2;406.2;406.2;406.2;218.8;156.2;437.5;156.2;125.0;125.0;156.2;156.2;125.0;437.5;437.5;406.2;156.2;437.5	218.8	218.8	K	1	tone w slight downsweep	descending moan
94	Spectrogram 1	1	259.604492185	261.103867883	47.1	2936.0	125.0	2.243	1.499	31.2	62.5;125.0;93.8;125.0;125.0;125.0;125.0;125.0;125.0;125.0;125.0;125.0;125.0;125.0;125.0;125.0;125.0;125.0;125.0;125.0;125.0;125.0;125.0;125.0;125.0;125.0;125.0;125.0;125.0;125.0;125.0;125.0;125.0;125.0;125.0;125.0;125.0;125.0;125.0;125.0;125.0;125.0;125.0;125.0;125.0;125.0;125.0;125.0;125.0;125.0;125.0;125.0;125.0;125.0;125.0;125.0;125.0;125.0;125.0;125.0;125.0;125.0;125.0;125.0;125.0;125.0;125.0;125.0;125.0;125.0;125.0;125.0;125.0;125.0;125.0;125.0;125.0;93.8;218.8;125.0;125.0;218.8;125.0;125.0;62.5;62.5;125.0;125.0;62.5;62.5;62.5;93.8	125.0	125.0	N	1	moan	groan
95	Spectrogram 1	1	264.450652346	267.818480837	141.4	13663.1	218.8	2.068	3.368	31.2	156.2;156.2;218.8;250.0;218.8;250.0;218.8;218.8;218.8;218.8;218.8;187.5;187.5;218.8;218.8;437.5;437.5;437.5;218.8;218.8;218.8;218.8;437.5;218.8;437.5;218.8;218.8;218.8;218.8;218.8;218.8;218.8;218.8;218.8;218.8;218.8;218.8;218.8;218.8;218.8;218.8;218.8;218.8;218.8;218.8;218.8;218.8;218.8;218.8;218.8;218.8;218.8;218.8;218.8;218.8;218.8;218.8;218.8;218.8;218.8;218.8;218.8;218.8;218.8;218.8;218.8;218.8;218.8;218.8;218.8;218.8;218.8;218.8;218.8;218.8;218.8;218.8;218.8;218.8;218.8;218.8;218.8;218.8;218.8;218.8;218.8;218.8;218.8;218.8;218.8;218.8;218.8;218.8;218.8;218.8;218.8;218.8;218.8;218.8;218.8;218.8;218.8;218.8;218.8;218.8;218.8;218.8;218.8;218.8;218.8;218.8;218.8;218.8;218.8;218.8;218.8;218.8;218.8;218.8;218.8;218.8;218.8;218.8;218.8;218.8;218.8;218.8;218.8;218.8;218.8;406.2;187.5;406.2;218.8;406.2;218.8;218.8;218.8;187.5;218.8;218.8;218.8;218.8;218.8;218.8;218.8;218.8;218.8;437.5;437.5;406.2;406.2;406.2;406.2;406.2;406.2;406.2;406.2;375.0;406.2;406.2;437.5;218.8;218.8;406.2;375.0;406.2;437.5;437.5;437.5;437.5;437.5;437.5;437.5;437.5;437.5;437.5;437.5;437.5;437.5;218.8;437.5;218.8;218.8;218.8;437.5;437.5;406.2;406.2;406.2;406.2;406.2;156.2;406.2;406.2;375.0;406.2;437.5;437.5;406.2;406.2;406.2;375.0;187.5;218.8;156.2;156.2;187.5;218.8	218.8	218.8	K	1	tone w slight downsweep	descending moan
96	Spectrogram 1	1	269.848404860	271.416982513	47.1	2942.8	125.0	2.402	1.569	31.2	125.0;62.5;125.0;125.0;125.0;125.0;125.0;125.0;125.0;125.0;156.2;125.0;125.0;156.2;156.2;156.2;156.2;156.2;156.2;156.2;125.0;125.0;125.0;156.2;156.2;156.2;156.2;156.2;156.2;156.2;156.2;156.2;156.2;156.2;125.0;125.0;125.0;125.0;125.0;125.0;125.0;125.0;125.0;125.0;125.0;125.0;125.0;125.0;125.0;125.0;125.0;125.0;125.0;125.0;125.0;125.0;125.0;125.0;125.0;125.0;125.0;125.0;125.0;125.0;125.0;125.0;125.0;156.2;125.0;125.0;125.0;125.0;125.0;156.2;125.0;125.0;125.0;125.0;62.5;125.0;62.5;125.0;125.0;125.0;125.0;125.0;125.0;62.5;62.5;250.0;62.5;62.5;62.5;62.5;281.2;281.2;281.2	156.2	125.0	N	1	moan	groan
97	Spectrogram 1	1	274.945202918	278.313031409	121.2	12293.4	218.8	1.834	3.368	0.0	218.8;125.0;218.8;437.5;218.8;218.8;218.8;218.8;218.8;218.8;218.8;218.8;218.8;218.8;218.8;218.8;218.8;218.8;218.8;218.8;218.8;218.8;218.8;218.8;218.8;218.8;218.8;218.8;218.8;218.8;218.8;218.8;218.8;218.8;218.8;218.8;218.8;218.8;218.8;218.8;218.8;218.8;218.8;218.8;218.8;218.8;218.8;218.8;218.8;218.8;218.8;218.8;218.8;218.8;218.8;218.8;218.8;218.8;218.8;218.8;218.8;218.8;218.8;218.8;218.8;218.8;218.8;218.8;218.8;218.8;218.8;218.8;218.8;218.8;218.8;218.8;218.8;218.8;218.8;218.8;218.8;218.8;218.8;218.8;218.8;218.8;218.8;218.8;218.8;218.8;218.8;218.8;218.8;218.8;218.8;218.8;218.8;218.8;218.8;218.8;218.8;218.8;218.8;218.8;218.8;218.8;218.8;218.8;218.8;218.8;218.8;218.8;218.8;218.8;218.8;218.8;218.8;218.8;218.8;218.8;218.8;218.8;218.8;218.8;218.8;218.8;218.8;218.8;218.8;218.8;218.8;218.8;218.8;218.8;187.5;218.8;218.8;218.8;218.8;187.5;406.2;437.5;437.5;437.5;406.2;437.5;218.8;218.8;218.8;218.8;218.8;218.8;218.8;218.8;437.5;406.2;437.5;406.2;437.5;437.5;375.0;406.2;218.8;406.2;406.2;437.5;375.0;125.0;406.2;437.5;125.0;125.0;437.5;437.5;437.5;437.5;437.5;125.0;437.5;437.5;437.5;125.0;437.5;125.0;437.5;125.0;125.0;437.5;437.5;406.2;437.5;437.5;437.5;406.2;406.2;406.2;406.2;406.2;406.2;406.2;406.2;218.8;406.2;125.0;187.5;125.0;406.2;125.0;218.8	218.8	218.8	K	1	slight downsweep	modulated cry
98	Spectrogram 1	1	280.257430954	281.826008607	33.7	1322.1	93.8	2.202	1.569	31.2	62.5;62.5;62.5;125.0;93.8;93.8;125.0;93.8;93.8;93.8;93.8;93.8;125.0;93.8;93.8;93.8;93.8;93.8;125.0;93.8;125.0;93.8;93.8;93.8;93.8;125.0;93.8;93.8;93.8;93.8;93.8;125.0;93.8;125.0;93.8;93.8;125.0;93.8;125.0;125.0;93.8;125.0;125.0;125.0;93.8;93.8;93.8;93.8;125.0;125.0;125.0;125.0;93.8;93.8;93.8;125.0;125.0;125.0;93.8;93.8;93.8;93.8;93.8;93.8;125.0;125.0;93.8;93.8;93.8;93.8;93.8;93.8;93.8;93.8;93.8;93.8;93.8;93.8;93.8;93.8;93.8;281.2;62.5;93.8;93.8;62.5;281.2;250.0;281.2;281.2;281.2;62.5;62.5;93.8;93.8;62.5;125.0	125.0	93.8	N	1	moan	groan
99	Spectrogram 1	1	285.118294971	288.693729329	121.4	13422.0	218.8	2.025	3.575	31.2	187.5;125.0;406.2;218.8;218.8;437.5;437.5;218.8;218.8;125.0;218.8;218.8;218.8;218.8;218.8;218.8;218.8;218.8;218.8;218.8;218.8;218.8;218.8;218.8;218.8;218.8;218.8;218.8;218.8;218.8;218.8;125.0;218.8;218.8;218.8;218.8;218.8;218.8;218.8;218.8;218.8;437.5;218.8;218.8;218.8;218.8;218.8;218.8;218.8;218.8;218.8;218.8;218.8;218.8;218.8;218.8;218.8;218.8;218.8;218.8;218.8;218.8;218.8;218.8;218.8;218.8;218.8;218.8;218.8;218.8;218.8;218.8;218.8;218.8;218.8;218.8;218.8;218.8;218.8;218.8;218.8;218.8;218.8;218.8;218.8;218.8;218.8;218.8;218.8;218.8;218.8;218.8;218.8;218.8;218.8;218.8;218.8;218.8;218.8;218.8;218.8;218.8;218.8;218.8;218.8;218.8;218.8;218.8;218.8;218.8;218.8;218.8;218.8;218.8;218.8;218.8;218.8;218.8;218.8;218.8;218.8;218.8;218.8;218.8;218.8;218.8;218.8;218.8;218.8;218.8;218.8;218.8;218.8;218.8;218.8;218.8;218.8;218.8;218.8;218.8;218.8;218.8;218.8;218.8;218.8;218.8;218.8;218.8;218.8;218.8;218.8;218.8;218.8;218.8;218.8;218.8;218.8;406.2;187.5;406.2;406.2;437.5;437.5;406.2;437.5;406.2;406.2;437.5;406.2;218.8;437.5;437.5;406.2;406.2;437.5;437.5;218.8;437.5;437.5;437.5;218.8;375.0;375.0;375.0;375.0;375.0;375.0;437.5;218.8;218.8;218.8;218.8;125.0;437.5;437.5;437.5;437.5;218.8;437.5;218.8;437.5;218.8;218.8;218.8;437.5;437.5;437.5;437.5;437.5;437.5;218.8;187.5;218.8;437.5;406.2;218.8;218.8;218.8;218.8;187.5;406.2;406.2;406.2	218.8	218.8	K	1	tone w slight downsweep	trill?
100	Spectrogram 1	1	290.423778211	292.107692457	54.0	2711.6	125.0	2.323	1.684	31.2	62.5;93.8;62.5;62.5;93.8;125.0;93.8;93.8;125.0;125.0;125.0;93.8;125.0;125.0;125.0;125.0;125.0;125.0;125.0;125.0;125.0;125.0;125.0;125.0;125.0;125.0;125.0;125.0;125.0;125.0;125.0;125.0;125.0;125.0;125.0;125.0;125.0;125.0;125.0;125.0;125.0;125.0;125.0;125.0;125.0;125.0;125.0;125.0;125.0;125.0;125.0;125.0;125.0;125.0;125.0;125.0;125.0;125.0;125.0;125.0;125.0;125.0;125.0;125.0;125.0;125.0;125.0;125.0;125.0;125.0;125.0;125.0;125.0;125.0;93.8;93.8;93.8;125.0;125.0;125.0;125.0;125.0;125.0;93.8;93.8;93.8;93.8;93.8;93.8;125.0;125.0;125.0;125.0;62.5;125.0;93.8;62.5;62.5;62.5;156.2;125.0;125.0;125.0;62.5	125.0	125.0	N	1	moan	groan
101	Spectrogram 1	1	295.542024909	298.656112898	114.7	13904.8	218.8	2.294	3.114	31.2	218.8;218.8;156.2;437.5;156.2;437.5;218.8;437.5;218.8;218.8;218.8;218.8;218.8;250.0;218.8;218.8;218.8;218.8;218.8;218.8;218.8;218.8;218.8;218.8;218.8;218.8;218.8;218.8;218.8;218.8;218.8;218.8;218.8;218.8;218.8;218.8;218.8;218.8;218.8;437.5;218.8;218.8;218.8;218.8;218.8;218.8;218.8;218.8;218.8;218.8;218.8;218.8;218.8;218.8;218.8;218.8;218.8;218.8;218.8;218.8;218.8;218.8;218.8;218.8;218.8;218.8;218.8;218.8;218.8;218.8;218.8;218.8;218.8;218.8;218.8;218.8;218.8;218.8;218.8;218.8;218.8;218.8;218.8;218.8;218.8;218.8;218.8;218.8;218.8;218.8;218.8;218.8;218.8;218.8;218.8;218.8;218.8;218.8;218.8;218.8;218.8;218.8;218.8;218.8;218.8;218.8;218.8;218.8;218.8;218.8;218.8;218.8;218.8;218.8;218.8;218.8;218.8;218.8;218.8;218.8;218.8;218.8;218.8;218.8;218.8;437.5;437.5;218.8;218.8;218.8;218.8;406.2;437.5;406.2;437.5;406.2;437.5;437.5;406.2;437.5;406.2;437.5;406.2;437.5;406.2;406.2;406.2;406.2;406.2;406.2;406.2;406.2;406.2;406.2;218.8;406.2;406.2;437.5;406.2;406.2;375.0;406.2;406.2;437.5;406.2;437.5;437.5;406.2;437.5;437.5;437.5;437.5;437.5;437.5;437.5;406.2;437.5;406.2;437.5;218.8;125.0;406.2;437.5;218.8;125.0;218.8;406.2;406.2;406.2;187.5;406.2;406.2;406.2;375.0	218.8	218.8	K	1	tone w slight downsweep	descending moan
102	Spectrogram 1	1	300.686036920	302.231547255	13.5	1308.6	31.2	2.643	1.546	125.0	31.2;31.2;31.2;31.2;31.2;62.5;31.2;31.2;31.2;31.2;31.2;31.2;31.2;31.2;31.2;31.2;31.2;31.2;31.2;31.2;31.2;31.2;31.2;31.2;31.2;31.2;31.2;31.2;31.2;31.2;31.2;31.2;31.2;31.2;31.2;31.2;31.2;31.2;31.2;31.2;31.2;31.2;31.2;31.2;156.2;156.2;156.2;156.2;156.2;156.2;156.2;156.2;156.2;156.2;156.2;156.2;156.2;156.2;156.2;156.2;156.2;156.2;156.2;156.2;156.2;156.2;156.2;125.0;156.2;156.2;156.2;156.2;156.2;156.2;125.0;125.0;125.0;156.2;125.0;125.0;31.2;31.2;31.2;31.2;31.2;31.2;31.2;31.2;31.2;31.2;31.2;31.2;31.2;31.2;31.2;31.2	125.0	31.2	N	1	moan	groan
103	Spectrogram 1	1	305.600080429	308.992780345	134.9	13934.0	218.8	2.307	3.393	31.2	406.2;218.8;218.8;437.5;218.8;218.8;218.8;218.8;218.8;218.8;437.5;218.8;218.8;218.8;218.8;218.8;218.8;218.8;218.8;218.8;218.8;218.8;218.8;218.8;218.8;218.8;218.8;218.8;218.8;218.8;218.8;218.8;218.8;218.8;218.8;218.8;218.8;218.8;218.8;218.8;218.8;218.8;218.8;218.8;218.8;218.8;218.8;218.8;218.8;218.8;218.8;218.8;218.8;218.8;218.8;218.8;218.8;218.8;218.8;218.8;218.8;218.8;218.8;218.8;218.8;218.8;218.8;218.8;218.8;218.8;218.8;218.8;218.8;218.8;218.8;218.8;218.8;218.8;218.8;218.8;218.8;218.8;218.8;218.8;218.8;218.8;218.8;218.8;218.8;218.8;218.8;218.8;218.8;218.8;218.8;218.8;218.8;218.8;218.8;218.8;218.8;218.8;218.8;218.8;218.8;218.8;218.8;218.8;218.8;218.8;218.8;218.8;218.8;218.8;218.8;218.8;218.8;218.8;437.5;437.5;218.8;218.8;218.8;218.8;218.8;218.8;218.8;218.8;218.8;218.8;218.8;218.8;218.8;187.5;406.2;218.8;218.8;437.5;406.2;218.8;437.5;218.8;218.8;437.5;437.5;437.5;437.5;437.5;437.5;437.5;437.5;437.5;437.5;437.5;375.0;375.0;375.0;437.5;437.5;437.5;437.5;437.5;437.5;437.5;437.5;437.5;437.5;437.5;437.5;406.2;437.5;437.5;437.5;437.5;437.5;437.5;437.5;437.5;437.5;437.5;406.2;406.2;437.5;437.5;406.2;218.8;406.2;437.5;406.2;437.5;156.2;437.5;375.0;437.5;437.5;437.5;437.5;437.5;437.5;437.5;250.0;437.5;156.2;437.5;218.8;218.8;156.2;437.5;437.5;156.2;156.2	218.8	218.8	K	1	tone w slight downsweep	descending moan
104	Spectrogram 1	1	310.754374532	312.679079292	27.0	1200.7	156.2	2.346	1.925	31.2	31.2;31.2;31.2;31.2;31.2;31.2;31.2;31.2;31.2;31.2;31.2;93.8;125.0;31.2;31.2;31.2;31.2;31.2;31.2;156.2;31.2;31.2;156.2;62.5;125.0;125.0;156.2;156.2;125.0;125.0;156.2;156.2;125.0;125.0;156.2;156.2;156.2;125.0;156.2;156.2;156.2;125.0;125.0;156.2;156.2;156.2;125.0;156.2;156.2;125.0;125.0;125.0;125.0;125.0;125.0;156.2;156.2;125.0;125.0;156.2;125.0;125.0;156.2;125.0;125.0;125.0;156.2;125.0;125.0;125.0;125.0;125.0;125.0;125.0;125.0;125.0;125.0;125.0;125.0;125.0;125.0;125.0;31.2;125.0;125.0;125.0;156.2;125.0;125.0;31.2;31.2;125.0;125.0;125.0;125.0;125.0;31.2;31.2;31.2;62.5;31.2;31.2;62.5;31.2;31.2;62.5;31.2;31.2;31.2;62.5;31.2;31.2;31.2;31.2;31.2;31.2;31.2;31.2;31.2	156.2	156.2	N	1	moan	groan
105	Spectrogram 1	1	315.778180177	319.301368551	134.9	13871.3	218.8	2.666	3.523	187.5	437.5;437.5;437.5;437.5;437.5;437.5;218.8;437.5;218.8;437.5;218.8;218.8;218.8;218.8;218.8;218.8;218.8;218.8;218.8;218.8;218.8;218.8;218.8;218.8;218.8;218.8;218.8;218.8;218.8;218.8;218.8;218.8;218.8;218.8;218.8;218.8;218.8;218.8;218.8;218.8;218.8;218.8;218.8;218.8;218.8;218.8;218.8;218.8;218.8;218.8;218.8;218.8;218.8;218.8;218.8;218.8;218.8;437.5;437.5;218.8;218.8;218.8;218.8;218.8;218.8;218.8;218.8;218.8;218.8;218.8;218.8;218.8;218.8;218.8;218.8;218.8;218.8;218.8;218.8;218.8;218.8;218.8;218.8;218.8;218.8;218.8;437.5;406.2;218.8;437.5;218.8;406.2;406.2;406.2;218.8;406.2;218.8;218.8;406.2;406.2;406.2;406.2;406.2;218.8;406.2;406.2;406.2;406.2;406.2;406.2;406.2;406.2;406.2;406.2;406.2;406.2;375.0;375.0;375.0;375.0;406.2;375.0;375.0;375.0;375.0;437.5;375.0;218.8;218.8;437.5;437.5;406.2;406.2;406.2;406.2;406.2;406.2;406.2;375.0;406.2;375.0;375.0;375.0;406.2;375.0;437.5;406.2;406.2;406.2;406.2;406.2;406.2;406.2;406.2;406.2;406.2;406.2;406.2;406.2;406.2;406.2;406.2;406.2;406.2;406.2;406.2;406.2;406.2;406.2;406.2;406.2;406.2;406.2;406.2;406.2;406.2;406.2;406.2;375.0;406.2;406.2;406.2;343.8;406.2;156.2;218.8;375.0;375.0;375.0;156.2;437.5;437.5;437.5;437.5;187.5;218.8;406.2;406.2;406.2;406.2;406.2;187.5;406.2;187.5;250.0;156.2;156.2;281.2;406.2;250.0;343.8;437.5;437.5;250.0;281.2;187.5;437.5;218.8;156.2	218.8	218.8	K	1	tone w slight downsweep	descending moan
106	Spectrogram 1	1	320.606253134	322.824556925	54.0	1234.4	125.0	2.409	2.218	31.2	62.5;62.5;62.5;62.5;125.0;62.5;62.5;93.8;62.5;62.5;93.8;62.5;62.5;187.5;125.0;62.5;187.5;125.0;93.8;125.0;125.0;125.0;125.0;125.0;125.0;125.0;125.0;125.0;125.0;125.0;125.0;125.0;125.0;125.0;125.0;125.0;125.0;125.0;156.2;156.2;125.0;125.0;156.2;125.0;125.0;125.0;156.2;125.0;125.0;125.0;125.0;125.0;125.0;125.0;125.0;125.0;125.0;125.0;125.0;125.0;125.0;125.0;125.0;125.0;125.0;125.0;125.0;125.0;125.0;125.0;125.0;125.0;125.0;125.0;125.0;125.0;125.0;125.0;125.0;250.0;125.0;125.0;62.5;125.0;125.0;125.0;62.5;62.5;125.0;125.0;125.0;62.5;125.0;125.0;125.0;125.0;250.0;62.5;125.0;125.0;62.5;62.5;156.2;62.5;281.2;281.2;125.0;125.0;62.5;281.2;281.2;281.2;281.2;281.2;281.2;281.2;281.2;281.2;281.2;281.2;281.2;62.5;281.2;250.0;125.0;125.0;125.0;125.0;125.0;125.0;125.0;125.0;125.0;125.0;187.5;62.5;93.8;93.8	125.0	125.0	N	1	moan w echo	groan
107	Spectrogram 1	1	323.575211413	324.751644653	38.2	1698.0	125.0	2.393	1.176	31.2	62.5;62.5;93.8;93.8;125.0;62.5;125.0;156.2;125.0;125.0;62.5;125.0;125.0;125.0;125.0;125.0;125.0;125.0;125.0;125.0;125.0;125.0;125.0;125.0;125.0;125.0;125.0;125.0;125.0;125.0;125.0;125.0;125.0;125.0;125.0;125.0;125.0;125.0;125.0;125.0;125.0;125.0;125.0;125.0;125.0;125.0;93.8;93.8;125.0;93.8;93.8;93.8;93.8;93.8;125.0;93.8;93.8;93.8;156.2;93.8;125.0;125.0;125.0;125.0;125.0;125.0;125.0;125.0;125.0;250.0;125.0;93.8	125.0	125.0	O	1	short moan	groan
108	Spectrogram 1	1	325.328327614	326.689299401	54.1	7240.3	156.2	3.753	1.361	156.2	62.5;125.0;250.0;125.0;250.0;62.5;93.8;93.8;93.8;62.5;93.8;93.8;125.0;125.0;125.0;62.5;62.5;62.5;125.0;125.0;156.2;125.0;187.5;125.0;125.0;156.2;156.2;156.2;250.0;250.0;281.2;312.5;312.5;343.8;62.5;62.5;62.5;62.5;62.5;62.5;62.5;125.0;62.5;62.5;62.5;62.5;125.0;156.2;125.0;125.0;62.5;250.0;125.0;281.2;312.5;375.0;62.5;62.5;437.5;62.5;62.5;62.5;62.5;156.2;62.5;93.8;62.5;62.5;93.8;187.5;156.2;62.5;62.5;62.5;62.5;62.5;62.5;62.5;62.5;62.5;62.5;62.5;62.5;62.5	156.2	156.2	P	0	broadband burst w echo (BB)	gurgle
109	Spectrogram 1	1	326.966107222	327.704261412	60.8	8833.4	187.5	2.653	0.738	31.2	156.2;156.2;156.2;156.2;156.2;187.5;187.5;187.5;218.8;218.8;250.0;281.2;312.5;343.8;375.0;656.2;656.2;656.2;62.5;62.5;62.5;62.5;125.0;93.8;156.2;156.2;187.5;187.5;218.8;218.8;218.8;218.8;218.8;250.0;312.5;312.5;281.2;343.8;343.8;62.5;62.5;93.8;62.5;62.5;62.5	218.8	187.5	P	0	BB	gurgle
110	Spectrogram 1	1	328.188675099	328.949896608	87.8	7846.4	218.8	2.046	0.761	0.0	312.5;312.5;281.2;1062.5;250.0;218.8;218.8;218.8;218.8;218.8;218.8;218.8;218.8;250.0;281.2;281.2;343.8;343.8;656.2;93.8;93.8;2312.5;125.0;125.0;156.2;93.8;218.8;218.8;218.8;218.8;218.8;218.8;218.8;218.8;218.8;250.0;250.0;312.5;312.5;375.0;343.8;343.8;375.0;343.8;93.8;156.2;218.8	218.8	218.8	P	0	BB	gurgle
111	Spectrogram 1	1	329.503512250	330.333935714	101.4	7681.4	218.8	2.039	0.830	31.2	218.8;218.8;218.8;218.8;187.5;187.5;187.5;187.5;187.5;187.5;218.8;218.8;218.8;218.8;250.0;250.0;312.5;312.5;343.8;250.0;2437.5;2781.2;2812.5;2812.5;2812.5;218.8;187.5;187.5;187.5;187.5;187.5;218.8;218.8;218.8;218.8;218.8;250.0;250.0;218.8;281.2;312.5;375.0;187.5;218.8;125.0;312.5;187.5;125.0;125.0;125.0;343.8	218.8	218.8	P	0	BB	gurgle
112	Spectrogram 1	1	332.156253870	333.286552473	27.0	1270.3	125.0	2.463	1.130	62.5	31.2;31.2;31.2;31.2;31.2;62.5;125.0;31.2;125.0;31.2;125.0;125.0;125.0;125.0;125.0;125.0;125.0;125.0;125.0;125.0;125.0;125.0;125.0;125.0;125.0;125.0;125.0;125.0;125.0;125.0;125.0;125.0;125.0;125.0;125.0;125.0;93.8;125.0;93.8;125.0;93.8;93.8;125.0;93.8;125.0;93.8;93.8;93.8;93.8;93.8;93.8;93.8;93.8;93.8;93.8;156.2;93.8;93.8;125.0;31.2;125.0;125.0;156.2;31.2;62.5;31.2;125.0;93.8;93.8;31.2	125.0	125.0	O	1	moan	groan +purr
113	Spectrogram 1	1	335.240934368	336.278963697	20.3	1297.3	125.0	2.542	1.038	62.5	93.8;187.5;31.2;93.8;125.0;31.2;125.0;250.0;125.0;156.2;125.0;156.2;125.0;125.0;93.8;125.0;125.0;125.0;125.0;125.0;125.0;125.0;93.8;125.0;125.0;125.0;125.0;125.0;125.0;93.8;125.0;93.8;93.8;93.8;93.8;93.8;93.8;93.8;93.8;93.8;93.8;93.8;93.8;93.8;93.8;93.8;93.8;93.8;93.8;62.5;93.8;93.8;62.5;31.2;281.2;31.2;31.2;93.8;93.8;31.2;93.8;93.8;93.8;93.8	125.0	125.0	O	1	moan	groan + purr
114	Spectrogram 1	1	337.224723753	338.078214535	114.9	7547.7	187.5	2.388	0.853	31.2	125.0;375.0;312.5;250.0;187.5;156.2;187.5;187.5;187.5;187.5;187.5;187.5;187.5;187.5;187.5;218.8;218.8;281.2;281.2;312.5;406.2;437.5;437.5;125.0;125.0;2281.2;593.8;187.5;156.2;187.5;156.2;187.5;187.5;187.5;187.5;187.5;218.8;218.8;218.8;281.2;187.5;312.5;281.2;375.0;406.2;437.5;437.5;250.0;312.5;187.5;125.0;156.2	187.5	187.5	P	0	BB	gurgle
115	Spectrogram 1	1	336.117492468	336.117492468	7858.5	7865.3	7875.0	0.000	0.000	0.0		7875.0	7875.0				
116	Spectrogram 1	1	338.510153413	339.617384698	74.3	8711.9	187.5	2.222	1.107	31.2	218.8;93.8;93.8;93.8;187.5;281.2;437.5;125.0;93.8;187.5;187.5;187.5;187.5;156.2;156.2;156.2;156.2;156.2;156.2;187.5;187.5;187.5;187.5;187.5;218.8;250.0;312.5;312.5;250.0;250.0;2437.5;2656.2;2718.8;2687.5;2718.8;2718.8;156.2;156.2;156.2;156.2;156.2;187.5;187.5;187.5;187.5;187.5;187.5;250.0;281.2;281.2;281.2;250.0;187.5;125.0;93.8;156.2;93.8;93.8;156.2;125.0;93.8;218.8;93.8;93.8;93.8;93.8;187.5;125.0;125.0	187.5	187.5	P	0	BB	gurgle
117	Spectrogram 1	1	339.871125201	340.609279391	70.9	8407.9	187.5	2.460	0.738	62.5	125.0;125.0;125.0;156.2;156.2;156.2;187.5;187.5;187.5;218.8;218.8;250.0;312.5;312.5;250.0;250.0;250.0;93.8;2687.5;2687.5;2750.0;125.0;93.8;125.0;125.0;156.2;156.2;156.2;187.5;187.5;187.5;218.8;218.8;250.0;281.2;312.5;468.8;406.2;93.8;187.5;125.0;125.0;156.2;187.5;156.2;125.0	187.5	187.5	P	0	BB	gurgle
118	Spectrogram 1	1	340.978356486	341.831847268	87.8	7705.5	187.5	2.318	0.853	31.2	187.5;187.5;218.8;187.5;218.8;312.5;218.8;187.5;187.5;156.2;156.2;156.2;187.5;187.5;187.5;187.5;187.5;187.5;187.5;218.8;250.0;281.2;312.5;250.0;250.0;1250.0;93.8;1375.0;1375.0;1375.0;1375.0;1406.2;156.2;187.5;187.5;187.5;187.5;187.5;187.5;218.8;218.8;218.8;250.0;312.5;312.5;406.2;281.2;93.8;93.8;312.5;125.0;125.0	187.5	187.5	P	0	BB	gurgle
119	Spectrogram 1	1	342.177857044	343.100549782	81.1	8082.0	187.5	2.320	0.923	31.2	343.8;93.8;343.8;187.5;187.5;187.5;218.8;187.5;187.5;156.2;156.2;156.2;156.2;156.2;187.5;187.5;187.5;187.5;187.5;218.8;250.0;281.2;281.2;343.8;250.0;1187.5;93.8;250.0;7218.8;7250.0;1906.2;1937.5;156.2;2312.5;156.2;187.5;187.5;187.5;187.5;187.5;218.8;218.8;218.8;250.0;312.5;250.0;281.2;281.2;281.2;1781.2;1781.2;187.5;312.5;281.2;343.8;125.0	187.5	187.5	P	0	BB	gurgle
120	Spectrogram 1	1	344.807531346	345.799426039	47.3	1277.0	125.0	2.735	0.992	125.0	62.5;93.8;125.0;125.0;62.5;125.0;62.5;125.0;93.8;93.8;93.8;93.8;125.0;125.0;125.0;125.0;93.8;125.0;93.8;125.0;93.8;125.0;125.0;93.8;125.0;93.8;125.0;93.8;93.8;93.8;93.8;93.8;93.8;93.8;93.8;93.8;93.8;93.8;93.8;93.8;93.8;93.8;93.8;93.8;93.8;62.5;93.8;62.5;250.0;93.8;93.8;93.8;62.5;93.8;93.8;93.8;156.2;93.8;93.8;93.8;93.8	125.0	125.0	O	1	moan	groan + purr
121	Spectrogram 1	1	348.013888608	348.890446709	54.1	1256.8	93.8	2.640	0.877	125.0	125.0;125.0;125.0;156.2;125.0;93.8;93.8;93.8;93.8;93.8;93.8;93.8;125.0;93.8;125.0;93.8;93.8;93.8;93.8;93.8;93.8;93.8;93.8;93.8;93.8;93.8;93.8;93.8;93.8;93.8;93.8;93.8;93.8;93.8;93.8;93.8;93.8;93.8;93.8;93.8;93.8;93.8;93.8;62.5;93.8;93.8;62.5;93.8;93.8;93.8;93.8;93.8;93.8;93.8	125.0	93.8	O	1	moan	groan + purr
122	Spectrogram 1	1	349.792634990	350.599991135	40.5	8341.4	281.2	3.316	0.807	93.8	125.0;125.0;125.0;125.0;125.0;125.0;125.0;156.2;156.2;218.8;218.8;218.8;250.0;281.2;312.5;343.8;343.8;968.8;1000.0;1000.0;2312.5;1156.2;1156.2;2343.8;93.8;62.5;125.0;125.0;125.0;125.0;156.2;62.5;218.8;218.8;62.5;125.0;281.2;343.8;62.5;62.5;62.5;125.0;62.5;2281.2;62.5;93.8;62.5;93.8;62.5	218.8	281.2	P	0	BB	gurgle
123	Spectrogram 1	1	351.153606777	351.914828286	47.3	8067.7	156.2	3.442	0.761	93.8	62.5;93.8;93.8;93.8;125.0;93.8;93.8;125.0;156.2;156.2;156.2;218.8;250.0;250.0;281.2;312.5;968.8;343.8;968.8;968.8;968.8;2375.0;2562.5;93.8;93.8;62.5;312.5;62.5;62.5;125.0;125.0;125.0;218.8;218.8;62.5;250.0;281.2;281.2;406.2;406.2;62.5;62.5;125.0;62.5;156.2;62.5	187.5	156.2	P	0	BB	gurgle
124	Spectrogram 1	1	352.330040018	353.183530800	47.3	7608.5	218.8	2.929	0.853	62.5	281.2;218.8;281.2;125.0;125.0;125.0;125.0;125.0;125.0;156.2;156.2;187.5;187.5;218.8;218.8;250.0;250.0;312.5;312.5;312.5;250.0;1093.8;1093.8;1093.8;1093.8;1031.2;1031.2;62.5;2312.5;125.0;125.0;125.0;156.2;156.2;218.8;218.8;218.8;218.8;281.2;281.2;312.5;312.5;437.5;406.2;62.5;62.5;187.5;187.5;62.5;62.5;187.5;93.8	218.8	218.8	P	0	BB	gurgle
125	Spectrogram 1	1	353.414203984	354.175425492	47.3	7300.4	187.5	3.255	0.761	93.8	218.8;93.8;93.8;93.8;156.2;93.8;93.8;156.2;187.5;187.5;218.8;250.0;312.5;312.5;625.0;1156.2;1187.5;1187.5;1187.5;1156.2;1156.2;1218.8;1218.8;62.5;62.5;62.5;93.8;93.8;93.8;187.5;156.2;218.8;218.8;281.2;281.2;312.5;531.2;531.2;62.5;62.5;93.8;1156.2;156.2;93.8;93.8;62.5	187.5	187.5	P	0	BB	gurgle
126	Spectrogram 1	1	354.495669956	355.441430012	47.3	7428.7	187.5	3.001	0.946	62.5	93.8;125.0;125.0;125.0;93.8;93.8;93.8;93.8;125.0;156.2;156.2;156.2;187.5;187.5;250.0;281.2;281.2;312.5;312.5;1031.2;1062.5;1062.5;1062.5;1906.2;1937.5;93.8;93.8;93.8;93.8;2343.8;2375.0;2406.2;156.2;156.2;218.8;218.8;218.8;281.2;281.2;312.5;312.5;312.5;1062.5;281.2;187.5;62.5;1937.5;1937.5;62.5;93.8;93.8;125.0;125.0;2375.0;62.5;93.8;62.5;62.5;93.8	187.5	187.5	P	0	BB	gurgle
127	Spectrogram 1	1	355.810507107	356.710132526	33.8	7451.4	218.8	3.362	0.900	93.8	93.8;93.8;93.8;125.0;156.2;156.2;187.5;218.8;250.0;281.2;281.2;250.0;250.0;250.0;1250.0;1218.8;1906.2;62.5;93.8;93.8;93.8;93.8;93.8;93.8;2437.5;2437.5;2437.5;156.2;156.2;218.8;250.0;281.2;281.2;281.2;250.0;125.0;62.5;187.5;187.5;62.5;62.5;93.8;93.8;4062.5;62.5;2375.0;62.5;62.5;93.8;62.5;125.0;62.5;93.8;156.2;62.5	218.8	218.8	P	0	BB	gurgle
128	Spectrogram 1	1	358.217871502	359.671112564	33.8	3108.1	93.8	2.991	1.453	156.2	62.5;62.5;281.2;312.5;312.5;312.5;62.5;156.2;62.5;312.5;312.5;312.5;312.5;312.5;62.5;312.5;312.5;62.5;62.5;93.8;62.5;93.8;125.0;62.5;156.2;62.5;125.0;62.5;187.5;125.0;93.8;125.0;93.8;93.8;93.8;93.8;93.8;93.8;125.0;93.8;125.0;93.8;62.5;93.8;62.5;93.8;93.8;93.8;93.8;62.5;93.8;62.5;93.8;62.5;62.5;62.5;62.5;93.8;62.5;62.5;62.5;62.5;93.8;62.5;62.5;93.8;62.5;62.5;250.0;62.5;62.5;62.5;62.5;62.5;62.5;312.5;62.5;62.5;62.5;62.5;62.5;62.5;62.5;62.5;62.5;62.5;62.5;62.5;62.5;62.5	93.8	93.8	O	1	grunts	groan + purr
129	Spectrogram 1	1	361.355026809	362.692931278	27.0	2675.7	93.8	3.159	1.338	156.2	31.2;31.2;31.2;31.2;31.2;31.2;31.2;31.2;31.2;31.2;31.2;31.2;31.2;31.2;31.2;31.2;31.2;31.2;125.0;31.2;31.2;125.0;93.8;31.2;93.8;93.8;93.8;93.8;93.8;93.8;93.8;125.0;93.8;93.8;250.0;62.5;125.0;93.8;62.5;250.0;62.5;62.5;93.8;62.5;93.8;62.5;31.2;250.0;31.2;250.0;250.0;31.2;250.0;218.8;31.2;218.8;218.8;218.8;218.8;218.8;62.5;31.2;31.2;31.2;31.2;250.0;31.2;31.2;31.2;31.2;31.2;31.2;31.2;31.2;31.2;31.2;31.2;31.2;31.2;31.2;31.2;93.8;31.2	93.8	93.8	O	1	grunts	groan + purr
130	Spectrogram 1	1	363.684825971	364.422980161	27.0	3975.6	125.0	3.108	0.738	125.0	31.2;31.2;125.0;125.0;125.0;125.0;125.0;125.0;125.0;218.8;250.0;281.2;281.2;1031.2;281.2;31.2;31.2;62.5;31.2;31.2;62.5;31.2;31.2;31.2;62.5;31.2;31.2;31.2;31.2;31.2;125.0;31.2;31.2;31.2;31.2;31.2;31.2;31.2;31.2;31.2;31.2;31.2;31.2;31.2;31.2	156.2	125.0	P	0	BB	gurgle
131	Spectrogram 1	1	364.768989937	365.807019267	47.3	5416.7	187.5	3.089	1.038	62.5	62.5;281.2;125.0;125.0;125.0;125.0;125.0;125.0;125.0;125.0;93.8;93.8;62.5;93.8;62.5;125.0;125.0;93.8;125.0;93.8;93.8;93.8;93.8;125.0;156.2;187.5;187.5;187.5;218.8;281.2;281.2;312.5;968.8;937.5;1250.0;1218.8;312.5;281.2;62.5;312.5;312.5;281.2;93.8;93.8;93.8;62.5;187.5;187.5;187.5;218.8;62.5;281.2;281.2;281.2;281.2;93.8;62.5;93.8;62.5;1750.0;62.5;62.5;62.5	187.5	187.5	P	0	BB	gurgle
132	Spectrogram 1	1	366.452904183	367.214125691	27.0	5478.0	281.2	3.396	0.761	125.0	31.2;31.2;125.0;125.0;93.8;125.0;125.0;156.2;156.2;218.8;250.0;281.2;312.5;312.5;31.2;31.2;31.2;31.2;31.2;31.2;31.2;31.2;31.2;31.2;31.2;31.2;31.2;31.2;31.2;31.2;31.2;31.2;31.2;31.2;281.2;281.2;31.2;31.2;31.2;31.2;31.2;31.2;31.2;31.2;31.2;31.2	187.5	281.2	P	0	BB	gurgle
133	Spectrogram 1	1	367.467866194	368.136818429	40.5	5451.2	218.8	3.668	0.669	125.0	93.8;93.8;93.8;125.0;156.2;93.8;125.0;156.2;218.8;250.0;281.2;281.2;2593.8;62.5;1843.8;125.0;93.8;62.5;2312.5;62.5;62.5;62.5;62.5;62.5;93.8;93.8;93.8;93.8;125.0;187.5;156.2;93.8;281.2;281.2;125.0;62.5;93.8;62.5;62.5;62.5;62.5	187.5	218.8	P	0	BB	gurgle
134	Spectrogram 1	1	368.798890932	369.490910485	0.0	5490.6	281.2	3.511	0.692	93.8	125.0;187.5;218.8;218.8;250.0;281.2;343.8;343.8;1031.2;1031.2;62.5;31.2;2531.2;2593.8;2593.8;2625.0;2718.8;187.5;0.0;125.0;125.0;125.0;125.0;218.8;218.8;218.8;250.0;0.0;312.5;375.0;0.0;0.0;0.0;0.0;0.0;0.0;0.0;0.0;0.0;0.0;0.0;0.0;0.0	218.8	281.2	P	0	BB	gurgle
135	Spectrogram 1	1	370.067593446	370.898016909	33.8	5549.9	281.2	3.488	0.830	156.2	125.0;93.8;93.8;125.0;187.5;218.8;218.8;250.0;281.2;312.5;343.8;1031.2;1093.8;62.5;62.5;2062.5;2093.8;2500.0;2531.2;2593.8;2625.0;2656.2;2656.2;2687.5;93.8;156.2;125.0;218.8;218.8;250.0;281.2;281.2;312.5;343.8;343.8;62.5;62.5;1968.8;2031.2;62.5;62.5;2562.5;62.5;2656.2;2656.2;2687.5;62.5;93.8;62.5;62.5;62.5	218.8	281.2	P	0	BB	gurgle
136	Spectrogram 1	1	372.489661881	373.573825848	20.3	1175.7	93.8	2.867	1.084	62.5	31.2;31.2;31.2;31.2;31.2;31.2;31.2;31.2;31.2;31.2;31.2;31.2;31.2;31.2;31.2;31.2;31.2;31.2;125.0;125.0;125.0;93.8;125.0;125.0;125.0;93.8;125.0;93.8;93.8;93.8;93.8;93.8;93.8;93.8;93.8;93.8;93.8;93.8;62.5;93.8;93.8;93.8;93.8;93.8;93.8;62.5;93.8;62.5;93.8;93.8;62.5;93.8;62.5;62.5;93.8;62.5;62.5;62.5;62.5;62.5;31.2;31.2;31.2;31.2;31.2;31.2;31.2	93.8	93.8	O	1	grunts	groan + purr
137	Spectrogram 1	1	375.696019143	376.687913836	27.0	1202.7	93.8	3.007	0.992	125.0	31.2;93.8;125.0;31.2;62.5;125.0;125.0;31.2;125.0;125.0;62.5;125.0;125.0;31.2;125.0;93.8;93.8;93.8;93.8;93.8;93.8;93.8;93.8;93.8;125.0;62.5;31.2;93.8;93.8;125.0;62.5;62.5;62.5;62.5;62.5;62.5;62.5;62.5;62.5;62.5;62.5;62.5;62.5;218.8;62.5;62.5;31.2;218.8;62.5;62.5;218.8;62.5;62.5;31.2;31.2;93.8;31.2;62.5;93.8;31.2	93.8	93.8	O	1	grunts	groan + purr
138	Spectrogram 1	1	377.589022998	378.396379143	20.3	2934.8	93.8	2.706	0.807	31.2	31.2;31.2;62.5;31.2;31.2;31.2;31.2;31.2;93.8;93.8;93.8;93.8;93.8;93.8;93.8;93.8;375.0;62.5;937.5;62.5;31.2;62.5;62.5;31.2;31.2;31.2;31.2;31.2;125.0;31.2;31.2;31.2;125.0;93.8;31.2;93.8;93.8;343.8;93.8;93.8;31.2;31.2;31.2;31.2;31.2;62.5;31.2;31.2;31.2	93.8	93.8	P	0	BB	gurgle
139	Spectrogram 1	1	378.926927467	379.988024115	54.1	2837.8	250.0	3.303	1.061	125.0	93.8;62.5;62.5;62.5;62.5;187.5;62.5;62.5;187.5;62.5;93.8;156.2;125.0;125.0;125.0;93.8;93.8;93.8;125.0;156.2;218.8;250.0;281.2;281.2;937.5;968.8;1343.8;187.5;1906.2;1937.5;62.5;343.8;2312.5;62.5;62.5;62.5;125.0;93.8;93.8;93.8;156.2;125.0;125.0;93.8;62.5;312.5;62.5;375.0;62.5;93.8;125.0;62.5;62.5;62.5;343.8;62.5;62.5;62.5;343.8;62.5;62.5;62.5;62.5;187.5;93.8;62.5	187.5	250.0	P	0	BB	gurgle
140	Spectrogram 1	1	381.418197858	382.248621322	60.8	2885.1	187.5	3.312	0.830	125.0	93.8;93.8;62.5;93.8;93.8;93.8;93.8;187.5;187.5;218.8;250.0;1281.2;937.5;968.8;62.5;2468.8;2468.8;2500.0;2500.0;2531.2;2562.5;62.5;2718.8;2843.8;62.5;62.5;93.8;93.8;93.8;187.5;218.8;218.8;281.2;406.2;406.2;62.5;62.5;62.5;62.5;62.5;2500.0;2500.0;2531.2;62.5;62.5;62.5;62.5;62.5;62.5;62.5;62.5	187.5	187.5	P	0	BB	gurgle
141	Spectrogram 1	1	383.378919925	384.832160986	54.1	3094.6	93.8	2.791	1.453	93.8	62.5;62.5;125.0;93.8;93.8;93.8;93.8;93.8;93.8;93.8;218.8;250.0;281.2;281.2;875.0;1281.2;1250.0;1875.0;1937.5;62.5;62.5;62.5;93.8;62.5;62.5;93.8;2406.2;2437.5;93.8;93.8;93.8;93.8;125.0;281.2;93.8;93.8;281.2;93.8;93.8;62.5;62.5;62.5;62.5;93.8;62.5;250.0;62.5;62.5;93.8;62.5;62.5;93.8;93.8;62.5;62.5;62.5;93.8;62.5;62.5;125.0;93.8;93.8;62.5;125.0;62.5;93.8;93.8;93.8;62.5;93.8;93.8;93.8;62.5;62.5;250.0;62.5;62.5;62.5;93.8;62.5;62.5;62.5;93.8;93.8;62.5;93.8;93.8;62.5;93.8;62.5	93.8	93.8	Q	1	BB w sweeps	gurgle + descending shriek
142	Spectrogram 1	1	386.170065456	388.015450930	67.6	3033.8	93.8	3.617	1.845	187.5	93.8;93.8;93.8;218.8;250.0;312.5;468.8;875.0;1750.0;1843.8;2031.2;2062.5;2125.0;2125.0;2125.0;2125.0;2125.0;2125.0;2125.0;2156.2;2156.2;2187.5;93.8;2218.8;2218.8;2250.0;2250.0;2781.2;2781.2;2812.5;2843.8;2843.8;2843.8;2843.8;2843.8;2843.8;2843.8;2843.8;2843.8;2875.0;2906.2;2906.2;2906.2;2906.2;2937.5;2937.5;2937.5;2937.5;2906.2;2906.2;2937.5;2937.5;2937.5;2968.8;2937.5;2937.5;2906.2;2875.0;2875.0;2843.8;2843.8;2843.8;93.8;2906.2;2906.2;93.8;93.8;2937.5;2937.5;93.8;93.8;93.8;125.0;2406.2;2406.2;2375.0;2375.0;93.8;2375.0;93.8;93.8;2312.5;93.8;125.0;93.8;2218.8;2187.5;250.0;156.2;125.0;93.8;156.2;125.0;93.8;125.0;93.8;93.8;93.8;125.0;93.8;125.0;93.8;125.0;93.8;125.0;125.0;93.8;93.8;625.0;93.8;93.8;218.8;93.8;93.8	125.0	93.8	R	1	BB w sweeps	gurgle + descending shriek
143	Spectrogram 1	1	389.444005798	391.150987362	54.1	6133.9	93.8	3.382	1.707	125.0	62.5;93.8;93.8;93.8;62.5;62.5;62.5;125.0;93.8;93.8;93.8;93.8;93.8;93.8;93.8;250.0;312.5;312.5;375.0;62.5;1468.8;62.5;93.8;62.5;218.8;375.0;62.5;62.5;1687.5;1718.8;1750.0;62.5;93.8;93.8;62.5;93.8;62.5;62.5;62.5;312.5;62.5;2031.2;2031.2;2031.2;1968.8;62.5;1875.0;62.5;1875.0;1875.0;1843.8;1843.8;1750.0;1781.2;1687.5;62.5;62.5;187.5;187.5;62.5;62.5;2906.2;2031.2;2031.2;2031.2;2031.2;2593.8;2593.8;2562.5;1281.2;1281.2;1281.2;62.5;1281.2;93.8;93.8;93.8;62.5;125.0;62.5;93.8;62.5;62.5;125.0;62.5;62.5;62.5;62.5;93.8;62.5;62.5;62.5;93.8;1281.2;62.5;62.5;62.5;62.5;125.0;62.5;218.8;62.5;62.5;93.8;375.0	93.8	93.8	S	1	BB w sweeps	gurgle + descending shriek
144	Spectrogram 1	1	393.250113340	394.518815854	40.5	3601.4	93.8	3.274	1.269	125.0	93.8;93.8;93.8;125.0;281.2;93.8;437.5;1218.8;2375.0;2687.5;62.5;1343.8;62.5;1343.8;62.5;62.5;62.5;93.8;62.5;62.5;1625.0;93.8;93.8;1718.8;1750.0;1781.2;1750.0;1750.0;1718.8;1718.8;1718.8;1718.8;1687.5;62.5;62.5;62.5;62.5;62.5;1625.0;62.5;62.5;3218.8;62.5;62.5;1718.8;1750.0;62.5;62.5;1750.0;1718.8;93.8;62.5;93.8;1718.8;62.5;62.5;62.5;93.8;125.0;62.5;62.5;62.5;93.8;62.5;93.8;62.5;62.5;62.5;156.2;62.5;62.5;62.5;62.5;125.0;62.5;656.2;62.5;62.5	93.8	93.8	T	1	BB w sweeps	gurgle + trill
