Selection	View	Channel	Begin Time (s)	End Time (s)	Low Freq (Hz)	High Freq (Hz)	Delta Time (s)	Peak Freq Contour (Hz)	Agg Entropy (bits)	Peak Freq (Hz)	IQR BW (Hz)	Description
1	Spectrogram 1	1	0.340428879	1.293629740	938.1	1773.2	0.953	1125.0;1007.8;1070.3;1070.3;1015.6;1023.4;1046.9;1015.6;1632.8;1046.9;984.4;1156.2;1414.1;984.4	6.632	984.4	437.5	descending shriek
2	Spectrogram 1	1	3.336203012	4.493661200	975.9	1642.6	1.157	992.2;984.4;1171.9;1179.7;1023.4;1335.9;1539.1;1023.4;1148.4;1023.4;1398.4;1320.3;1320.3;1218.8;1437.5;1437.5;1062.5	6.347	1062.5	335.9	descending shriek
3	Spectrogram 1	1	6.263891370	7.353263783	1000.0	1635.7	1.089	1500.0;1500.0;1093.8;1273.4;1273.4;1148.4;1375.0;1375.0;1570.3;1250.0;1046.9;1046.9;1070.3;1085.9;1195.3;1046.9	6.313	1195.3	328.1	descending shriek
4	Spectrogram 1	1	9.123493953	10.008609037	879.6	1556.6	0.885	945.3;1117.2;1117.2;1179.7;898.4;1320.3;937.5;1031.2;976.6;1023.4;1156.2;1242.2;1085.9	6.369	1156.2	328.1	descending shriek
5	Spectrogram 1	1	11.846924983	12.663954292	865.8	1563.4	0.817	898.4;898.4;898.4;1265.6;1265.6;1187.5;867.2;867.2;890.6;867.2;867.2	6.386	867.2	343.8	descending shriek
6	Spectrogram 1	1	14.706527565	15.523556874	896.8	1615.0	0.817	1078.1;984.4;1031.2;1031.2;1007.8;1007.8;1117.2;1000.0;1101.6;1187.5;1187.5;1031.2	6.423	1007.8	359.4	descending shriek
7	Spectrogram 1	1	17.293787044	18.246987905	859.0	1542.8	0.953	859.4;1195.3;1046.9;1046.9;960.9;960.9;882.8;882.8;898.4;992.2;867.2;867.2;953.1;953.1	6.369	960.9	335.9	descending shriek
8	Spectrogram 1	1	21.491138819	23.057111661	1219.2	1377.9	1.566	1265.6;1343.8;1335.9;1335.9;1320.3;1234.4;1234.4;1226.6;1226.6;1320.3;1375.0;1375.0;1320.3;1281.2;1281.2;1257.8;1257.8;1328.1;1234.4;1375.0;1304.7;1312.5;1312.5;1375.0	4.295	1335.9	78.1	descending shriek
9	Spectrogram 1	1	26.672738436	27.898282400	964.5	1256.8	1.226	1093.8;1179.7;1203.1;1140.6;1093.8;1046.9;1101.6;1179.7;1007.8;1179.7;992.2;1117.2;968.8;1164.1;1140.6;1007.8;968.8;1109.4	5.172	968.8	140.6	descending shriek
10	Spectrogram 1	1	29.464255243	30.485541879	960.3	1210.9	1.021	1000.0;1140.6;1039.1;1039.1;1164.1;1164.1;1015.6;976.6;976.6;1039.1;1039.1;992.2;992.2;1054.7;1046.9	4.907	1000.0	140.6	descending shriek
11	Spectrogram 1	1	31.983428946	33.685573340	926.9	1290.2	1.702	1210.9;1117.2;976.6;976.6;1101.6;937.5;1281.2;1281.2;945.3;1000.0;945.3;937.5;929.7;929.7;1070.3;984.4;1187.5;929.7;929.7;1015.6;937.5;937.5;960.9;1070.3;976.6;976.6	5.485	937.5	203.1	descending shriek
12	Spectrogram 1	1	34.843031528	36.272832819	906.1	1261.0	1.430	976.6;1226.6;1007.8;1007.8;1250.0;1125.0;1125.0;1234.4;1234.4;1210.9;1210.9;1031.2;1109.4;1062.5;1015.6;1015.6;1226.6;1226.6;1046.9;984.4;984.4	5.478	984.4	164.1	descending shriek
13	Spectrogram 1	1	39.736491864	40.893950052	505.2	734.9	1.157	578.1;578.1;664.1;664.1;570.3;570.3;718.8;593.8;546.9;546.9;687.5;671.9;671.9;718.8;679.7;679.7;710.9	4.877	570.3	125.0	ascending shriek
14	Spectrogram 1	1	42.459922894	44.366324616	997.9	1119.0	1.906	1085.9;1085.9;1031.2;1062.5;1070.3;1078.1;1078.1;1023.4;1117.2;1078.1;1078.1;1039.1;1062.5;1062.5;1117.2;1109.4;1070.3;1070.3;1070.3;1015.6;1070.3;1023.4;1023.4;1046.9;1070.3;1023.4;1023.4;1015.6;1093.8	3.977	1070.3	54.7	ascending shriek
15	Spectrogram 1	1	46.204640561	47.089755646	977.0	1219.2	0.885	1031.2;1031.2;1203.1;1117.2;1117.2;1187.5;1132.8;1046.9;1109.4;1109.4;1195.3;1039.1;1015.6	4.876	1031.2	117.2	ascending shriek
16	Spectrogram 1	1	49.132328919	50.221701331	964.5	1181.6	1.089	1062.5;984.4;1007.8;1007.8;992.2;992.2;1117.2;1039.1;1039.1;1000.0;1000.0;992.2;1070.3;976.6;1000.0;1000.0	4.759	1000.0	117.2	descending shriek
17	Spectrogram 1	1	52.845454544	54.207170059	438.4	563.7	1.362	531.2;492.2;531.2;531.2;476.6;515.6;453.1;453.1;453.1;507.8;445.3;484.4;531.2;500.0;507.8;507.8;523.4;531.2;531.2;468.8	3.905	507.8	54.7	ascending shriek
18	Spectrogram 1	1	56.045486005	57.475287296	910.2	1123.2	1.430	992.2;992.2;992.2;992.2;992.2;992.2;992.2;992.2;984.4;929.7;929.7;953.1;953.1;992.2;992.2;992.2;1070.3;1101.6;976.6;976.6;976.6;953.1	4.426	992.2	70.3	ascending shriek
19	Spectrogram 1	1	58.632745484	59.449774793	438.4	926.9	0.817	914.1;679.7;851.6;851.6;773.4;828.1;828.1;601.6;507.8;507.8;562.5	5.673	562.5	218.8	gurgle
21	Spectrogram 1	1	60.402975654	61.083833412	380.0	597.1	0.681	382.8;382.8;578.1;554.7;554.7;593.8;406.2;515.6;421.9;421.9	4.740	554.7	125.0	ascending shriek
22	Spectrogram 1	1	62.581720479	64.351950648	363.3	484.3	1.770	367.2;367.2;375.0;445.3;367.2;453.1;367.2;367.2;367.2;375.0;367.2;367.2;421.9;437.5;476.6;468.8;468.8;476.6;468.8;468.8;460.9;476.6;445.3;476.6;429.7;460.9;414.1;476.6	3.673	367.2	85.9	ascending moan
23	Spectrogram 1	1	65.577494612	67.756239437	1135.7	1269.3	2.179	1140.6;1140.6;1234.4;1226.6;1226.6;1179.7;1234.4;1156.2;1171.9;1218.8;1218.8;1210.9;1187.5;1156.2;1164.1;1164.1;1218.8;1203.1;1195.3;1171.9;1156.2;1187.5;1187.5;1242.2;1210.9;1140.6;1156.2;1164.1;1218.8;1250.0;1148.4;1187.5;1265.6;1203.1	4.064	1226.6	62.5	ascending shriek
24	Spectrogram 1	1	68.913697625	69.662641158	254.7	818.4	0.749	289.1;289.1;414.1;343.8;593.8;554.7;570.3;625.0;406.2;359.4;437.5;328.1	5.987	414.1	242.2	gurgle
25	Spectrogram 1	1	70.888185122	71.637128655	242.2	776.6	0.749	304.7;734.4;343.8;343.8;359.4;343.8;359.4;359.4;335.9;343.8;343.8;328.1	4.613	328.1	62.5	gurgle
26	Spectrogram 1	1	73.442763392	75.281079338	288.1	413.4	1.838	382.8;343.8;359.4;335.9;343.8;343.8;328.1;343.8;343.8;328.1;328.1;335.9;406.2;406.2;304.7;335.9;335.9;382.8;335.9;335.9;343.8;304.7;328.1;312.5;320.3;390.6;375.0;359.4;328.1	3.852	382.8	46.9	descending moan
27	Spectrogram 1	1	76.506623301	77.732167265	872.7	1073.1	1.226	1062.5;953.1;945.3;960.9;1000.0;906.2;898.4;960.9;875.0;1054.7;921.9;1007.8;1046.9;992.2;1046.9;1015.6;992.2;937.5;1023.4	4.664	1000.0	93.8	ascending shriek
28	Spectrogram 1	1	80.183255193	80.864112950	212.9	968.7	0.681	375.0;359.4;382.8;390.6;375.0;343.8;351.6;343.8;343.8;351.6;351.6	4.863	351.6	78.1	gurgle
29	Spectrogram 1	1	83.655629757	85.630117254	317.3	388.3	1.974	359.4;351.6;343.8;343.8;328.1;335.9;335.9;382.8;328.1;343.8;320.3;343.8;375.0;320.3;320.3;382.8;359.4;359.4;351.6;359.4;351.6;335.9;343.8;320.3;328.1;351.6;343.8;351.6;382.8;335.9	3.095	343.8	23.4	descending moan
30	Spectrogram 1	1	86.583318115	87.740776303	1006.3	1173.3	1.157	1039.1;1039.1;1039.1;1164.1;1156.2;1085.9;1101.6;1164.1;1085.9;1085.9;1085.9;1015.6;1093.8;1101.6;1085.9;1054.7;1070.3;1117.2	4.425	1054.7	85.9	ascending shriek
31	Spectrogram 1	1	89.569831987	90.046432417	208.8	847.6	0.477	335.9;335.9;335.9;335.9;328.1;328.1;328.1	2.926	335.9	15.6	gurgle
32	Spectrogram 1	1	92.906034999	94.472007842	275.6	359.1	1.566	335.9;335.9;343.8;335.9;328.1;328.1;320.3;328.1;304.7;304.7;335.9;351.6;328.1;343.8;351.6;312.5;312.5;289.1;320.3;343.8;351.6;335.9;335.9;335.9;328.1	3.173	335.9	31.2	trill
33	Spectrogram 1	1	96.446495339	97.331610424	893.5	1377.9	0.885	976.6;1226.6;1109.4;1179.7;1203.1;1171.9;1343.8;953.1;1328.1;906.2;1132.8;1054.7;1109.4;1078.1	5.903	1109.4	226.6	ascending shriek
34	Spectrogram 1	1	98.557154388	99.306097921	175.4	592.9	0.749	335.9;335.9;351.6;328.1;328.1;328.1;328.1;335.9;328.1;328.1;328.1;343.8	4.041	335.9	31.2	gurgle
35	Spectrogram 1	1	100.395470333	101.280585418	187.9	747.4	0.885	273.4;226.6;320.3;328.1;367.2;335.9;367.2;593.8;710.9;359.4;742.2;359.4;359.4;296.9	5.859	359.4	218.8	gurgle
36	Spectrogram 1	1	103.799759121	105.297646188	288.1	363.3	1.498	335.9;351.6;359.4;328.1;304.7;320.3;359.4;359.4;351.6;343.8;335.9;351.6;359.4;359.4;343.8;304.7;351.6;289.1;359.4;304.7;296.9;328.1;328.1;289.1	3.296	351.6	46.9	trill
37	Spectrogram 1	1	106.445844431	107.467131068	935.3	1098.1	1.021	1078.1;1085.9;1046.9;937.5;1000.0;984.4;1085.9;1078.1;1015.6;1015.6;1000.0;1046.9;1039.1;1023.4;1031.2;984.4	4.367	1046.9	78.1	ascending shriek
38	Spectrogram 1	1	109.850133220	110.599076753	250.5	626.3	0.749	312.5;343.8;539.1;351.6;312.5;351.6;343.8;476.6;476.6;289.1;296.9;289.1	5.427	289.1	179.7	gurgle
39	Spectrogram 1	1	111.552277614	111.892706493	75.2	538.6	0.340	78.1;367.2;265.6;171.9;210.9	5.783	265.6	226.6	gurgle
40	Spectrogram 1	1	113.867193990	115.773595711	296.5	350.7	1.906	312.5;312.5;343.8;335.9;296.9;320.3;335.9;296.9;335.9;328.1;296.9;312.5;312.5;296.9;312.5;328.1;335.9;296.9;343.8;296.9;335.9;312.5;312.5;320.3;312.5;320.3;328.1;328.1;343.8	2.743	312.5	23.4	trill
41	Spectrogram 1	1	116.794882348	117.611911657	952.0	1123.2	0.817	1109.4;1093.8;1117.2;1007.8;1023.4;1078.1;968.8;992.2;1117.2;992.2;1117.2;1031.2;953.1	4.424	992.2	93.8	ascending shriek
42	Spectrogram 1	1	120.880028894	121.969401306	121.1	384.1	1.089	296.9;296.9;351.6;296.9;351.6;343.8;320.3;343.8;328.1;335.9;343.8;273.4;343.8;312.5;296.9;343.8;132.8	4.888	343.8	117.2	long grunt
43	Spectrogram 1	1	124.897089664	126.463062506	288.1	359.1	1.566	343.8;296.9;328.1;343.8;296.9;328.1;320.3;312.5;351.6;328.1;320.3;296.9;312.5;296.9;289.1;328.1;351.6;304.7;304.7;328.1;351.6;296.9;304.7;289.1	3.157	289.1	31.2	descending moan
44	Spectrogram 1	1	131.773753016	133.475897410	125.3	380.0	1.702	375.0;367.2;367.2;367.2;367.2;367.2;367.2;367.2;218.8;359.4;359.4;226.6;359.4;367.2;210.9;234.4;171.9;367.2;289.1;375.0;140.6;281.2;367.2;289.1;164.1;375.0;367.2	4.690	367.2	148.4	long grunt
45	Spectrogram 1	1	135.722728010	138.378073265	271.4	342.4	2.655	273.4;273.4;289.1;273.4;289.1;304.7;320.3;335.9;335.9;328.1;296.9;296.9;335.9;335.9;273.4;304.7;296.9;320.3;328.1;296.9;273.4;312.5;304.7;296.9;296.9;296.9;312.5;296.9;273.4;312.5;273.4;328.1;312.5;335.9;289.1;335.9;296.9;320.3;328.1;296.9;335.9;281.2	3.162	312.5	31.2	trill
46	Spectrogram 1	1	138.173815938	138.922759471	935.3	1073.1	0.749	953.1;984.4;945.3;1062.5;1015.6;1015.6;937.5;937.5;953.1;992.2;1054.7;1015.6	4.093	984.4	70.3	ascending shriek
47	Spectrogram 1	1	142.531305587	143.688763775	125.3	375.8	1.157	359.4;343.8;351.6;359.4;343.8;351.6;359.4;351.6;343.8;343.8;367.2;335.9;335.9;359.4;351.6;343.8;320.3;140.6	4.393	359.4	109.4	long grunt
48	Spectrogram 1	1	146.480280581	147.978167648	283.9	346.6	1.498	335.9;343.8;335.9;335.9;335.9;289.1;312.5;304.7;343.8;312.5;343.8;328.1;335.9;343.8;328.1;343.8;343.8;335.9;328.1;296.9;312.5;320.3;296.9;343.8	2.910	343.8	23.4	descending moan
49	Spectrogram 1	1	148.625254713	149.510369798	1043.8	1198.3	0.885	1046.9;1046.9;1046.9;1125.0;1093.8;1046.9;1117.2;1109.4;1093.8;1093.8;1164.1;1156.2;1125.0;1054.7	4.284	1093.8	70.3	ascending shriek
50	Spectrogram 1	1	152.710401259	154.276374101	108.6	325.7	1.566	148.4;148.4;195.3;171.9;210.9;265.6;320.3;265.6;281.2;156.2;312.5;226.6;242.2;250.0;218.8;109.4;320.3;320.3;320.3;320.3;320.3;117.2;296.9;132.8	4.762	320.3	109.4	long grunt
51	Spectrogram 1	1	156.659376253	158.157263320	271.4	363.3	1.498	351.6;351.6;273.4;335.9;343.8;335.9;320.3;351.6;343.8;304.7;273.4;273.4;273.4;296.9;304.7;335.9;320.3;320.3;343.8;359.4;289.1;320.3;304.7;273.4	3.565	335.9	46.9	descending moan
52	Spectrogram 1	1	158.974292629	160.063665041	922.8	1144.1	1.089	1125.0;960.9;960.9;1125.0;1039.1;1070.3;1000.0;976.6;984.4;929.7;1015.6;1140.6;1109.4;945.3;929.7;1117.2;960.9	4.787	1000.0	109.4	ascending shriek
53	Spectrogram 1	1	163.059439175	164.625412018	116.9	321.5	1.566	187.5;140.6;140.6;148.4;171.9;273.4;164.1;289.1;125.0;218.8;257.8;164.1;132.8;125.0;140.6;195.3;273.4;289.1;164.1;320.3;140.6;125.0;132.8;140.6;132.8	4.664	132.8	125.0	long grunt
54	Spectrogram 1	1	167.008414169	168.642472788	254.7	338.2	1.634	328.1;328.1;335.9;335.9;335.9;328.1;335.9;328.1;335.9;328.1;335.9;335.9;281.2;296.9;335.9;312.5;320.3;328.1;335.9;335.9;328.1;335.9;328.1;335.9;335.9;328.1	2.856	335.9	39.1	descending moan
55	Spectrogram 1	1	169.391416321	170.412702958	868.5	1081.4	1.021	1007.8;1046.9;1046.9;1078.1;921.9;976.6;1046.9;1015.6;1070.3;921.9;875.0;960.9;882.8;906.2;1062.5;960.9	4.715	921.9	109.4	ascending shriek
56	Spectrogram 1	1	173.466758180	175.781674556	116.9	409.2	2.315	398.4;406.2;359.4;359.4;398.4;406.2;390.6;335.9;359.4;375.0;406.2;367.2;148.4;406.2;398.4;117.2;390.6;390.6;390.6;312.5;148.4;375.0;242.2;382.8;328.1;125.0;296.9;148.4;210.9;406.2;406.2;132.8;132.8;132.8;132.8;234.4	5.112	398.4	171.9	long grunt
57	Spectrogram 1	1	177.770323373	179.608639319	263.0	359.1	1.838	351.6;343.8;343.8;343.8;343.8;273.4;265.6;343.8;343.8;343.8;328.1;335.9;273.4;265.6;351.6;265.6;343.8;320.3;335.9;343.8;343.8;273.4;335.9;281.2;351.6;328.1;335.9;328.1;328.1	3.288	328.1	46.9	descending moan
58	Spectrogram 1	1	180.561840179	181.106526385	897.7	1106.5	0.545	921.9;921.9;898.4;898.4;898.4;906.2;945.3;945.3	4.629	921.9	109.4	ascending shriek
59	Spectrogram 1	1	183.081013883	183.898043192	125.3	325.7	0.817	132.8;203.1;320.3;140.6;250.0;171.9;171.9;289.1;179.7;203.1;210.9;195.3;156.2	4.545	171.9	101.6	gurgle
60	Spectrogram 1	1	185.395930259	186.689559998	121.1	338.2	1.294	273.4;289.1;265.6;257.8;304.7;210.9;164.1;289.1;125.0;132.8;320.3;132.8;132.8;132.8;226.6;218.8;140.6;140.6;187.5;203.1;242.2	4.709	132.8	117.2	long grunt
61	Spectrogram 1	1	189.004476374	190.570449217	279.7	375.8	1.566	328.1;359.4;328.1;328.1;328.1;328.1;343.8;328.1;320.3;328.1;320.3;351.6;320.3;320.3;328.1;328.1;335.9;328.1;359.4;343.8;343.8;343.8;335.9;343.8	3.068	328.1	15.6	descending moan
62	Spectrogram 1	1	191.591735853	192.340679387	471.8	638.8	0.749	523.4;578.1;484.4;609.4;570.3;554.7;507.8;554.7;585.9;484.4;593.8;609.4	4.316	554.7	78.1	ascending shriek
63	Spectrogram 1	1	192.817279817	193.566223351	112.7	367.4	0.749	257.8;328.1;351.6;343.8;343.8;367.2;367.2;351.6;148.4;234.4;351.6;367.2	4.497	343.8	101.6	gurgle
64	Spectrogram 1	1	195.472625072	197.583284121	108.6	325.7	2.111	210.9;210.9;210.9;187.5;289.1;148.4;265.6;273.4;320.3;125.0;164.1;281.2;242.2;242.2;242.2;218.8;257.8;148.4;312.5;257.8;257.8;257.8;250.0;140.6;250.0;140.6;140.6;257.8;257.8;257.8;250.0;132.8;250.0	4.424	257.8	101.6	long grunt
65	Spectrogram 1	1	199.625857394	201.191830236	275.6	350.7	1.566	328.1;335.9;289.1;289.1;335.9;335.9;328.1;343.8;328.1;304.7;328.1;312.5;328.1;328.1;335.9;343.8;328.1;343.8;312.5;335.9;343.8;335.9;335.9;335.9	2.971	335.9	31.2	descending moan
66	Spectrogram 1	1	202.544285807	203.429400892	1031.3	1148.2	0.885	1078.1;1039.1;1039.1;1117.2;1140.6;1132.8;1101.6;1054.7;1054.7;1085.9;1054.7;1062.5;1078.1;1101.6	3.789	1132.8	54.7	ascending shriek
67	Spectrogram 1	1	203.429400892	204.450687528	112.7	338.2	1.021	273.4;250.0;257.8;125.0;140.6;320.3;250.0;250.0;250.0;265.6;320.3;125.0;117.2;312.5;265.6;242.2	4.674	250.0	93.8	gurgle
68	Spectrogram 1	1	205.744317268	207.650718989	125.3	309.0	1.906	218.8;218.8;195.3;171.9;156.2;218.8;140.6;132.8;304.7;273.4;218.8;265.6;156.2;296.9;296.9;218.8;140.6;203.1;195.3;156.2;210.9;140.6;234.4;179.7;164.1;171.9;171.9;234.4;132.8;132.8	4.467	140.6	85.9	long grunt
69	Spectrogram 1	1	210.510321571	212.484809068	263.0	354.9	1.974	335.9;335.9;335.9;281.2;312.5;296.9;273.4;343.8;281.2;273.4;304.7;320.3;320.3;328.1;328.1;343.8;320.3;343.8;343.8;328.1;328.1;320.3;328.1;328.1;312.5;343.8;343.8;335.9;328.1;328.1;328.1	3.272	320.3	23.4	trill
70	Spectrogram 1	1	212.619891136	213.436920445	885.2	1106.5	0.817	960.9;960.9;1093.8;1062.5;906.2;953.1;953.1;1015.6;1007.8;937.5;1093.8;929.7	4.742	1007.8	109.4	ascending shriek
71	Spectrogram 1	1	213.913520875	214.730550185	87.7	338.2	0.817	226.6;226.6;226.6;234.4;171.9;164.1;234.4;226.6;335.9;242.2;226.6;257.8;164.1	4.588	226.6	70.3	gurgle
72	Spectrogram 1	1	216.977380785	218.202924749	125.3	334.0	1.226	304.7;312.5;312.5;242.2;312.5;328.1;328.1;312.5;156.2;328.1;140.6;132.8;312.5;328.1;164.1;132.8;312.5;226.6;296.9	4.597	312.5	117.2	long grunt
73	Spectrogram 1	1	220.743885807	222.309858650	267.2	338.2	1.566	328.1;328.1;312.5;328.1;320.3;289.1;273.4;312.5;296.9;328.1;312.5;328.1;304.7;304.7;320.3;335.9;312.5;312.5;328.1;328.1;312.5;289.1;320.3;335.9	3.039	328.1	31.2	descending moan
74	Spectrogram 1	1	223.194973735	224.148174596	872.7	1043.8	0.953	937.5;890.6;890.6;1031.2;937.5;921.9;1031.2;1023.4;929.7;914.1;953.1;960.9;1015.6;1007.8;984.4	4.404	890.6	93.8	ascending shriek
75	Spectrogram 1	1	227.688634935	229.322693554	121.1	313.2	1.634	273.4;289.1;156.2;257.8;171.9;218.8;164.1;132.8;132.8;140.6;140.6;140.6;140.6;132.8;125.0;140.6;140.6;140.6;140.6;250.0;140.6;140.6;289.1;242.2;140.6;140.6	4.304	140.6	109.4	long grunt
76	Spectrogram 1	1	231.229095275	233.407840100	271.4	334.0	2.179	273.4;273.4;328.1;320.3;304.7;328.1;289.1;312.5;296.9;328.1;328.1;273.4;273.4;320.3;304.7;281.2;296.9;304.7;312.5;296.9;304.7;320.3;320.3;312.5;312.5;320.3;320.3;320.3;320.3;320.3;312.5;320.3;320.3;320.3	2.824	320.3	23.4	trill
77	Spectrogram 1	1	233.952526306	234.565298288	864.3	1068.9	0.613	1015.6;945.3;945.3;984.4;976.6;921.9;867.2;945.3;867.2;945.3	4.602	867.2	85.9	ascending shriek
78	Spectrogram 1	1	235.246156045	235.995099579	104.4	309.0	0.749	179.7;289.1;289.1;289.1;250.0;132.8;273.4;132.8;195.3;281.2;179.7;187.5	4.613	179.7	109.4	gurgle
79	Spectrogram 1	1	237.901501300	239.535559918	142.0	313.2	1.634	281.2;226.6;226.6;179.7;218.8;210.9;242.2;234.4;234.4;226.6;179.7;257.8;234.4;304.7;234.4;148.4;242.2;242.2;156.2;242.2;265.6;242.2;234.4;234.4;250.0	4.345	242.2	70.3	long grunt
80	Spectrogram 1	1	241.810714109	243.580944279	258.9	342.4	1.770	265.6;265.6;289.1;304.7;328.1;335.9;273.4;312.5;289.1;312.5;335.9;273.4;335.9;265.6;304.7;304.7;281.2;335.9;328.1;320.3;335.9;335.9;328.1;312.5;328.1;328.1;265.6	3.170	335.9	39.1	trill
81	Spectrogram 1	1	244.329887812	245.419260224	772.4	1006.3	1.089	835.9;804.7;804.7;867.2;828.1;921.9;875.0;1000.0;875.0;843.8;921.9;867.2;906.2;851.6;875.0;812.5;890.6	4.879	921.9	109.4	ascending shriek
82	Spectrogram 1	1	248.687377461	249.912921425	129.4	296.5	1.226	250.0;250.0;242.2;242.2;265.6;289.1;257.8;250.0;210.9;265.6;265.6;140.6;171.9;210.9;132.8;132.8;140.6;132.8;289.1	4.228	250.0	70.3	long grunt
83	Spectrogram 1	1	252.279582972	254.526413572	279.7	325.7	2.247	320.3;304.7;281.2;281.2;281.2;320.3;281.2;304.7;281.2;281.2;320.3;281.2;281.2;289.1;296.9;312.5;281.2;304.7;304.7;312.5;320.3;296.9;296.9;296.9;312.5;289.1;289.1;296.9;289.1;289.1;289.1;320.3;296.9;296.9;296.9	2.434	296.9	23.4	trill
84	Spectrogram 1	1	255.139185554	255.888129088	116.9	455.1	0.749	312.5;312.5;312.5;312.5;296.9;312.5;242.2;234.4;234.4;234.4;234.4;242.2	4.036	234.4	78.1	gurgle
85	Spectrogram 1	1	256.909415724	257.386016154	121.1	421.7	0.477	343.8;234.4;179.7;312.5;187.5;164.1	5.049	234.4	125.0	gurgle
86	Spectrogram 1	1	259.268451553	261.038681722	137.8	325.7	1.770	156.2;171.9;226.6;156.2;250.0;179.7;164.1;250.0;164.1;210.9;195.3;265.6;242.2;242.2;156.2;257.8;156.2;156.2;187.5;148.4;140.6;304.7;171.9;140.6;234.4;250.0	4.288	156.2	78.1	long grunt
87	Spectrogram 1	1	263.081254995	265.600428699	250.5	309.0	2.519	296.9;296.9;304.7;304.7;304.7;296.9;304.7;304.7;296.9;304.7;296.9;296.9;304.7;289.1;304.7;296.9;304.7;289.1;296.9;281.2;296.9;304.7;281.2;296.9;289.1;273.4;304.7;281.2;257.8;281.2;281.2;257.8;273.4;257.8;257.8;296.9;257.8;257.8;257.8	2.306	304.7	15.6	trill
88	Spectrogram 1	1	266.077029129	266.689801111	121.1	338.2	0.613	234.4;226.6;234.4;242.2;210.9;234.4;226.6;234.4;187.5	3.962	234.4	23.4	gurgle
89	Spectrogram 1	1	267.779173523	268.323859729	108.6	313.2	0.545	250.0;195.3;273.4;210.9;125.0;226.6;125.0	4.652	125.0	85.9	gurgle
90	Spectrogram 1	1	270.668188862	272.642676359	137.8	296.5	1.974	164.1;140.6;140.6;140.6;257.8;289.1;140.6;257.8;148.4;195.3;242.2;148.4;273.4;257.8;226.6;234.4;289.1;273.4;148.4;187.5;171.9;250.0;250.0;140.6;218.8;148.4;226.6;218.8;140.6;195.3	4.248	140.6	85.9	long grunt
91	Spectrogram 1	1	277.681023766	278.293795748	104.4	338.2	0.613	132.8;226.6;242.2;140.6;109.4;132.8;125.0;171.9;109.4	4.805	109.4	117.2	gurgle
92	Spectrogram 1	1	279.451253936	280.132111694	125.3	334.0	0.681	312.5;312.5;156.2;304.7;156.2;156.2;312.5;156.2;156.2;320.3	3.314	312.5	156.2	gurgle
93	Spectrogram 1	1	275.118820094	277.297564919	254.7	304.8	2.179	265.6;257.8;304.7;257.8;296.9;265.6;257.8;257.8;289.1;257.8;257.8;289.1;273.4;273.4;257.8;257.8;281.2;257.8;257.8;257.8;257.8;257.8;281.2;265.6;265.6;257.8;281.2;257.8;265.6;289.1;296.9;289.1;304.7	2.540	257.8	23.4	trill
95	Spectrogram 1	1	285.850772116	288.369945819	258.9	279.7	2.519	273.4;265.6;265.6;273.4;265.6;265.6;273.4;265.6;265.6;265.6;265.6;265.6;265.6;273.4;265.6;273.4;265.6;273.4;273.4;265.6;265.6;273.4;265.6;265.6;265.6;265.6;273.4;265.6;265.6;273.4;265.6;265.6;265.6;265.6;265.6;273.4;265.6;273.4	0.997	265.6	7.8	trill
96	Spectrogram 1	1	290.412519092	290.889119523	116.9	359.1	0.477	179.7;179.7;117.2;343.8;351.6;351.6;179.7	4.348	179.7	140.6	gurgle
97	Spectrogram 1	1	292.387006589	294.633837190	171.2	229.6	2.247	179.7;226.6;171.9;171.9;171.9;179.7;171.9;226.6;171.9;179.7;171.9;187.5;226.6;195.3;179.7;203.1;218.8;226.6;171.9;187.5;195.3;179.7;218.8;179.7;203.1;203.1;218.8;226.6;187.5;179.7;226.6;187.5;218.8;171.9	2.981	195.3	31.2	descending moan
98	Spectrogram 1	1	296.608324687	299.399841493	258.9	292.3	2.792	265.6;273.4;265.6;273.4;289.1;281.2;273.4;273.4;265.6;281.2;265.6;273.4;289.1;289.1;281.2;265.6;289.1;281.2;273.4;281.2;289.1;281.2;289.1;289.1;281.2;265.6;265.6;289.1;289.1;273.4;289.1;265.6;273.4;273.4;265.6;289.1;265.6;289.1;265.6;281.2;265.6;281.2;265.6	1.990	265.6	23.4	trill
99	Spectrogram 1	1	299.536013045	300.012613475	91.9	250.5	0.477	179.7;179.7;179.7;179.7;179.7;234.4	3.823	179.7	31.2	gurgle
100	Spectrogram 1	1	300.693471233	301.442414766	96.0	329.9	0.749	179.7;132.8;171.9;101.6;210.9;101.6;234.4;312.5;218.8;187.5;101.6	4.817	218.8	109.4	gurgle
101	Spectrogram 1	1	288.786630618	289.535574151	116.9	271.4	0.749	203.1;234.4;203.1;257.8;125.0;171.9;171.9;179.7;179.7;171.9	3.917	171.9	39.1	gurgle
103	Spectrogram 1	1	307.793999665	309.768487163	238.0	304.8	1.974	265.6;265.6;273.4;289.1;273.4;242.2;273.4;296.9;242.2;273.4;257.8;250.0;304.7;242.2;242.2;250.0;257.8;304.7;273.4;242.2;257.8;289.1;289.1;304.7;304.7;304.7;257.8;281.2;304.7;304.7	3.160	242.2	31.2	trill
104	Spectrogram 1	1	310.289752105	310.970609862	116.9	321.5	0.681	234.4;273.4;179.7;210.9;179.7;132.8;117.2;195.3;171.9	4.682	117.2	85.9	gurgle
105	Spectrogram 1	1	311.651467620	312.536582705	112.7	321.5	0.885	273.4;210.9;210.9;242.2;171.9;234.4;187.5;289.1;203.1;179.7;179.7;273.4;210.9	4.689	187.5	93.8	gurgle
107	Spectrogram 1	1	318.051530542	320.366446918	204.6	313.2	2.315	226.6;242.2;281.2;312.5;265.6;210.9;312.5;218.8;226.6;265.6;218.8;273.4;265.6;226.6;312.5;226.6;250.0;210.9;273.4;234.4;312.5;250.0;289.1;234.4;273.4;289.1;257.8;312.5;257.8;265.6;226.6;281.2;257.8;304.7;289.1	3.792	281.2	54.7	descending moan
108	Spectrogram 1	1	321.183476227	321.932419760	196.2	313.2	0.749	226.6;226.6;289.1;312.5;312.5;203.1;304.7;203.1;226.6;273.4;234.4	3.827	234.4	62.5	grunt
109	Spectrogram 1	1	322.681363294	323.362221051	183.7	263.0	0.681	187.5;203.1;218.8;234.4;187.5;234.4;242.2;218.8;257.8;226.6	3.273	226.6	39.1	grunt
110	Spectrogram 1	1	323.838821482	324.519679239	108.6	221.3	0.681	109.4;109.4;164.1;156.2;179.7;195.3;187.5;179.7;187.5;140.6	3.881	109.4	54.7	grunt
112	Spectrogram 1	1	328.945254664	330.102712852	384.1	421.7	1.157	414.1;390.6;398.4;398.4;398.4;414.1;406.2;406.2;414.1;414.1;406.2;398.4;398.4;398.4;398.4;406.2;390.6	1.996	390.6	15.6	trill
113	Spectrogram 1	1	331.804857246	332.349543452	572.0	897.7	0.545	710.9;890.6;851.6;710.9;664.1;671.9;789.1	5.304	710.9	156.2	ascending shriek
114	Spectrogram 1	1	333.302744313	334.119773622	538.6	914.4	0.817	890.6;804.7;882.8;789.1;726.6;671.9;882.8;820.3;734.4;843.8;789.1;804.7	5.548	789.1	218.8	croak
116	Spectrogram 1	1	343.490009812	344.443210672	488.5	1089.8	0.953	937.5;867.2;1070.3;687.5;554.7;734.4;867.2;867.2;843.8;953.1;765.6;992.2;593.8	6.212	554.7	296.9	ascending shriek
117	Spectrogram 1	1	345.192154206	346.690041273	555.3	1073.1	1.498	632.8;992.2;804.7;921.9;859.4;882.8;570.3;679.7;648.4;695.3;593.8;882.8;757.8;859.4;750.0;710.9;609.4;898.4;890.6;570.3;929.7;562.5;718.8	6.013	695.3	242.2	croak
118	Spectrogram 1	1	337.615024075	338.840568038	280.5	345.4	1.226	312.5;304.7;304.7;320.3;304.7;320.3;320.3;304.7;335.9;320.3;304.7;320.3;343.8;296.9;328.1;343.8;312.5;304.7	3.083	320.3	23.4	trill
119	Spectrogram 1	1	326.312785298	328.014929692	313.0	372.0	1.702	328.1;328.1;320.3;320.3;320.3;351.6;367.2;367.2;320.3;367.2;367.2;320.3;328.1;367.2;343.8;367.2;320.3;351.6;351.6;328.1;328.1;351.6;367.2;367.2;320.3;367.2	2.756	320.3	31.2	trill
121	Spectrogram 1	1	314.286114052	315.852086895	273.0	345.0	1.566	312.5;343.8;289.1;289.1;320.3;281.2;296.9;312.5;296.9;335.9;273.4;273.4;273.4;304.7;289.1;289.1;328.1;320.3;320.3;343.8;304.7;304.7;343.8;335.9	3.285	312.5	31.2	trill
122	Spectrogram 1	1	303.188132603	305.094534324	280.6	318.5	1.906	296.9;304.7;312.5;296.9;312.5;281.2;304.7;289.1;312.5;296.9;296.9;289.1;312.5;296.9;296.9;312.5;296.9;281.2;281.2;312.5;289.1;289.1;312.5;281.2;296.9;281.2;289.1;304.7;312.5	2.316	281.2	15.6	trill
124	Spectrogram 1	1	281.895803727	283.734119672	299.5	356.4	1.838	351.6;304.7;320.3;328.1;343.8;320.3;320.3;351.6;351.6;320.3;328.1;343.8;328.1;320.3;328.1;351.6;312.5;312.5;320.3;304.7;312.5;304.7;328.1;335.9;304.7;328.1;320.3;312.5	2.789	343.8	31.2	groan
125	Spectrogram 1	1	349.090472562	351.133045835	288.2	341.2	2.043	312.5;296.9;296.9;320.3;328.1;289.1;328.1;289.1;328.1;289.1;320.3;289.1;320.3;296.9;312.5;289.1;328.1;312.5;289.1;304.7;312.5;289.1;296.9;289.1;320.3;335.9;335.9;328.1;296.9;304.7;296.9	2.797	328.1	31.2	descending moan
126	Spectrogram 1	1	356.403974159	359.399748292	580.1	1000.9	2.996	914.1;648.4;875.0;828.1;890.6;835.9;796.9;945.3;679.7;765.6;914.1;742.2;789.1;968.8;968.8;812.5;960.9;843.8;890.6;843.8;835.9;1000.0;585.9;757.8;843.8;765.6;718.8;593.8;906.2;656.2;593.8;648.4;789.1;921.9;609.4;960.9;828.1;968.8;859.4;742.2;710.9;945.3;828.1;710.9;812.5;765.6	5.742	890.6	203.1	croak
127	Spectrogram 1	1	361.714664668	363.348723287	280.6	341.2	1.634	281.2;281.2;296.9;335.9;335.9;328.1;281.2;335.9;328.1;320.3;335.9;289.1;328.1;281.2;312.5;296.9;335.9;320.3;296.9;289.1;335.9;328.1;296.9;328.1;289.1	2.982	289.1	39.1	trill
128	Spectrogram 1	1	367.978556039	371.314759051	568.7	940.3	3.336	671.9;929.7;820.3;890.6;687.5;718.8;921.9;742.2;585.9;648.4;570.3;578.1;773.4;625.0;601.6;796.9;734.4;875.0;937.5;796.9;789.1;578.1;585.9;750.0;789.1;835.9;906.2;726.6;929.7;875.0;710.9;671.9;882.8;875.0;632.8;859.4;585.9;890.6;609.4;843.8;703.1;703.1;882.8;921.9;781.2;789.1;742.2;703.1;859.4;890.6;750.0	5.570	882.8	195.3	croak
129	Spectrogram 1	1	373.289246548	375.195648270	280.6	345.0	1.906	312.5;343.8;343.8;281.2;343.8;343.8;281.2;343.8;335.9;343.8;343.8;343.8;289.1;304.7;335.9;343.8;296.9;281.2;312.5;281.2;296.9;335.9;328.1;304.7;335.9;343.8;281.2;335.9;281.2	3.051	343.8	31.2	trill
130	Spectrogram 1	1	380.141398518	383.137172652	583.9	951.7	2.996	851.6;929.7;718.8;585.9;828.1;945.3;921.9;632.8;929.7;859.4;765.6;617.2;882.8;671.9;890.6;710.9;781.2;617.2;875.0;757.8;757.8;656.2;929.7;710.9;710.9;859.4;750.0;710.9;851.6;593.8;914.1;929.7;718.8;679.7;585.9;789.1;617.2;601.6;921.9;609.4;765.6;640.6;820.3;796.9;882.8;742.2	5.536	859.4	187.5	croak
131	Spectrogram 1	1	385.043574374	387.086147646	288.2	367.8	2.043	367.2;367.2;367.2;359.4;359.4;367.2;367.2;359.4;359.4;367.2;359.4;359.4;359.4;359.4;359.4;359.4;359.4;351.6;359.4;351.6;351.6;367.2;359.4;359.4;351.6;359.4;359.4;359.4;359.4;359.4;359.4	1.862	367.2	7.8	descending moan
132	Spectrogram 1	1	391.797683069	395.065800305	534.6	970.6	3.268	820.3;968.8;906.2;843.8;679.7;906.2;968.8;898.4;687.5;562.5;937.5;726.6;789.1;851.6;820.3;710.9;867.2;757.8;781.2;804.7;765.6;601.6;593.8;718.8;960.9;796.9;921.9;812.5;773.4;671.9;609.4;710.9;898.4;710.9;789.1;789.1;812.5;593.8;750.0;773.4;742.2;578.1;632.8;734.4;734.4;710.9;906.2;789.1;843.8;765.6	5.793	765.6	210.9	croak
133	Spectrogram 1	1	398.061574439	400.240319264	284.4	360.2	2.179	359.4;320.3;328.1;289.1;296.9;359.4;359.4;359.4;304.7;359.4;304.7;289.1;304.7;335.9;328.1;335.9;351.6;359.4;343.8;359.4;351.6;320.3;351.6;296.9;304.7;343.8;359.4;304.7;289.1;320.3;304.7;351.6;343.8	3.287	304.7	39.1	trill
134	Spectrogram 1	1	403.052533941	404.618506784	197.2	322.3	1.566	250.0;250.0;226.6;218.8;234.4;281.2;273.4;281.2;265.6;296.9;320.3;226.6;226.6;250.0;273.4;210.9;273.4;273.4;296.9;304.7;203.1;320.3;250.0;226.6	3.979	226.6	62.5	bellow
135	Spectrogram 1	1	405.163192990	408.022795572	515.6	807.6	2.860	585.9;585.9;750.0;789.1;554.7;804.7;585.9;593.8;570.3;765.6;632.8;562.5;562.5;531.2;562.5;687.5;625.0;796.9;562.5;546.9;546.9;554.7;523.4;726.6;656.2;773.4;531.2;546.9;617.2;710.9;554.7;515.6;601.6;718.8;593.8;562.5;718.8;718.8;703.1;593.8;679.7;765.6;585.9;757.8	5.220	562.5	164.1	croak
136	Spectrogram 1	1	409.588768415	411.495170136	307.1	364.0	1.906	343.8;343.8;351.6;343.8;359.4;359.4;328.1;351.6;359.4;312.5;320.3;343.8;328.1;312.5;351.6;351.6;351.6;351.6;351.6;359.4;343.8;335.9;328.1;320.3;328.1;320.3;312.5;335.9;328.1	2.801	328.1	31.2	descending moan
137	Spectrogram 1	1	414.451726826	416.562385875	193.4	303.3	2.111	218.8;226.6;210.9;203.1;250.0;281.2;203.1;250.0;218.8;265.6;289.1;195.3;234.4;218.8;273.4;289.1;273.4;250.0;242.2;296.9;242.2;218.8;218.8;203.1;203.1;203.1;234.4;296.9;242.2;257.8;234.4;289.1	3.733	203.1	54.7	bellow
138	Spectrogram 1	1	417.583672511	419.217731130	530.8	985.8	1.634	656.2;656.2;664.1;554.7;789.1;757.8;562.5;757.8;562.5;945.3;984.4;789.1;750.0;890.6;875.0;718.8;937.5;875.0;890.6;648.4;796.9;664.1;750.0;695.3;695.3	5.848	890.6	234.4	croak
139	Spectrogram 1	1	422.009247936	424.187992760	322.3	364.0	2.179	328.1;328.1;343.8;351.6;343.8;343.8;351.6;335.9;351.6;328.1;359.4;351.6;359.4;343.8;351.6;328.1;335.9;343.8;335.9;343.8;328.1;328.1;359.4;343.8;328.1;328.1;359.4;343.8;343.8;351.6;343.8;359.4;351.6	2.309	343.8	15.6	descending moan
140	Spectrogram 1	1	427.371138875	429.209454821	200.9	314.7	1.838	312.5;296.9;210.9;265.6;265.6;304.7;304.7;234.4;296.9;226.6;312.5;234.4;257.8;210.9;304.7;203.1;226.6;312.5;296.9;304.7;281.2;234.4;226.6;312.5;296.9;273.4;257.8;242.2	3.878	304.7	62.5	bellow
141	Spectrogram 1	1	430.503084560	431.864800075	602.8	1000.9	1.362	609.4;664.1;718.8;843.8;632.8;781.2;789.1;718.8;867.2;734.4;617.2;625.0;929.7;921.9;750.0;835.9;835.9;1000.0;898.4;773.4	5.650	664.1	195.3	croak
142	Spectrogram 1	1	433.839287573	435.813775070	314.7	382.9	1.974					trill
143	Spectrogram 1	1	439.156514317	440.654401384	113.7	299.5	1.498					bellow
144	Spectrogram 1	1	441.062916038	443.173575087	610.4	1012.3	2.111					croak
145	Spectrogram 1	1	445.828920342	447.939579391	265.4	356.4	2.111					descending moan
146	Spectrogram 1	1	451.122725505	453.982328087	87.2	337.4	2.860					bellow
147	Spectrogram 1	1	453.863586624	455.701902570	735.5	1069.2	1.838					croak
148	Spectrogram 1	1	458.084904722	460.399821098	291.9	379.1	2.315					trill
149	Spectrogram 1	1	462.569305977	464.748050802	102.4	341.2	2.179					bellow
150	Spectrogram 1	1	465.586322724	466.267180482	185.8	227.5	0.681					grunt
151	Spectrogram 1	1	466.811866688	467.492724446	170.6	227.5	0.681					grunt
152	Spectrogram 1	1	468.990611513	471.782128319	284.4	382.9	2.792					descending moan
153	Spectrogram 1	1	477.281279976	477.962137734	208.5	254.0	0.681					grunt
154	Spectrogram 1	1	478.779167043	479.323853249	216.1	265.4	0.545					grunt
156	Spectrogram 1	1	480.857689308	483.717291890	386.7	477.7	2.860					descending moan
157	Spectrogram 1	1	486.372637145	487.938609988	87.2	200.9	1.566					snort
158	Spectrogram 1	1	488.687553521	488.959896624	68.2	216.1	0.272					gurgle
159	Spectrogram 1	1	489.504582830	490.049269036	79.6	182.0	0.545					groan
160	Spectrogram 1	1	490.798212570	491.342898776	98.6	132.7	0.545					grunt
161	Spectrogram 1	1	493.930158255	496.653589285	314.7	527.0	2.723					descending moan
162	Spectrogram 1	1	499.074174655	500.095461291	53.1	91.0	1.021					groan
163	Spectrogram 1	1	505.359308322	507.946567801	189.6	254.0	2.587					trill
164	Spectrogram 1	1	511.827457019	513.257258310	208.5	276.8	1.430					grunt
165	Spectrogram 1	1	515.708346238	516.457289771	41.7	326.1	0.749					gurgle
166	Spectrogram 1	1	517.546662184	517.955176838	45.5	341.2	0.409					gurgle
167	Spectrogram 1	1	518.772206147	519.453063905	64.5	318.5	0.681					gurgle
168	Spectrogram 1	1	519.997750111	520.338178990	56.9	291.9	0.340					gurgle
169	Spectrogram 1	1	522.244580711	523.878639330	53.1	508.1	1.634					groan
170	Spectrogram 1	1	526.193555706	527.351013894	41.7	462.6	1.157					grumble
171	Spectrogram 1	1	528.304214754	528.712729409	68.2	360.2	0.409					gurgle
172	Spectrogram 1	1	529.529758718	530.551045355	45.5	420.9	1.021					gurgle
173	Spectrogram 1	1	531.095731561	531.708503543	34.1	413.3	0.613					gurgle
174	Spectrogram 1	1	532.321275525	532.525532852	37.9	371.6	0.204					gurgle
175	Spectrogram 1	1	533.614905264	534.091505694	53.1	382.9	0.477					gurgle
176	Spectrogram 1	1	534.568106125	534.976620779	34.1	284.4	0.409					gurgle
177	Spectrogram 1	1	536.699463045	538.129264336	41.7	492.9	1.430					purr
178	Spectrogram 1	1	539.899494506	541.533553124	51.2	381.0	1.634					purr
179	Spectrogram 1	1	542.282496658	542.963354415	66.4	398.1	0.681					gurgle
180	Spectrogram 1	1	543.726459585	544.339231567	68.2	352.6	0.613					gurgle
181	Spectrogram 1	1	545.292432428	545.632861306	72.0	352.6	0.340					gurgle
182	Spectrogram 1	1	546.449890616	547.062662598	83.4	335.5	0.613					gurgle
183	Spectrogram 1	1	547.811606131	548.424378113	64.5	329.9	0.613					gurgle
184	Spectrogram 1	1	548.900978543	549.513750525	55.0	312.8	0.613					gurgle
185	Spectrogram 1	1	551.169596499	551.918540032	37.9	413.3	0.749					purr
186	Spectrogram 1	1	554.505799511	555.459000372	45.5	403.8	0.953					purr
187	Spectrogram 1	1	556.539657581	557.016258012	36.0	381.0	0.477					gurgle
188	Spectrogram 1	1	558.105630424	558.718402406	60.7	379.1	0.613					gurgle
189	Spectrogram 1	1	559.467345939	560.216289473	66.4	364.0	0.749					gurgle
190	Spectrogram 1	1	560.965233006	561.509919212	51.2	318.5	0.545					gurgle
191	Spectrogram 1	1	562.190776970	562.531205849	55.0	318.5	0.340					gurgle
192	Spectrogram 1	1	563.075892055	563.620578261	70.1	312.8	0.545					gurgle
193	Spectrogram 1	1	564.202847685	564.679448115	115.6	301.4	0.477					gurgle
194	Spectrogram 1	1	568.015651128	568.968851988	72.0	424.6	0.953					purr
195	Spectrogram 1	1	571.488025692	572.236969225	68.2	436.0	0.749					purr
196	Spectrogram 1	1	573.409133792	573.885734222	83.4	305.2	0.477					gurgle
197	Spectrogram 1	1	574.702763531	575.383621289	77.7	346.9	0.681					gurgle
198	Spectrogram 1	1	576.200650598	576.745336804	62.6	358.3	0.545					gurgle
199	Spectrogram 1	1	577.221937234	577.834709216	85.3	346.9	0.613					gurgle
200	Spectrogram 1	1	578.447481198	579.128338956	218.0	345.0	0.681					gurgle
201	Spectrogram 1	1	579.536853610	580.149625592	73.9	309.0	0.613					gurgle
202	Spectrogram 1	1	580.830483350	581.307083780	81.5	297.6	0.477					gurgle
203	Spectrogram 1	1	582.124113090	582.736885071	250.2	377.2	0.613					gurgle
204	Spectrogram 1	1	584.983715672	586.209259635	41.7	396.2	1.226					purr
205	Spectrogram 1	1	588.456090236	589.817805751	49.3	400.0	1.362					purr
206	Spectrogram 1	1	590.331444340	590.739958995	79.6	153.6	0.409					grunt
207	Spectrogram 1	1	591.761245631	592.101674510	75.8	140.3	0.340					grunt
208	Spectrogram 1	1	592.986789595	593.667647353	55.0	125.1	0.681					grunt
209	Spectrogram 1	1	594.076162007	594.484676662	55.0	130.8	0.409					grunt
210	Spectrogram 1	1	594.893191316	595.505963298	36.0	121.3	0.613					grunt
211	Spectrogram 1	1	596.186821056	596.935764589	49.3	127.0	0.749					grunt
212	Spectrogram 1	1	597.071936141	597.684708123	53.1	123.2	0.613					grunt
213	Spectrogram 1	1	598.365565880	599.182595190	75.8	142.2	0.817					grunt
