Selection	View	Channel	Begin Time (s)	End Time (s)	Low Freq (Hz)	High Freq (Hz)	Delta Time (s)	Peak Freq Contour (Hz)	Agg Entropy (bits)	Peak Freq (Hz)	IQR BW (Hz)	Unit Type	Contour	Description
158	Spectrogram 1	1	614.140581448	614.400545080	330.0	1069.6	0.260	570.3;585.9;585.9;664.1;585.9	4.448	585.9	31.2	P	0	gurgle
157	Spectrogram 1	1	611.320975901	611.600936735	330.0	1133.2	0.280	664.1;664.1;671.9;554.7;539.1	5.778	664.1	187.5	P	0	gurgle
138	Spectrogram 1	1	550.940609956	551.220570791	461.2	731.6	0.280	554.7;570.3;570.3;671.9;570.3	4.090	570.3	117.2	P	0	gurgle
142	Spectrogram 1	1	563.300643482	563.620598721	536.8	827.0	0.320	554.7;664.1;664.1;726.6;781.2	4.990	664.1	101.6	P	0	gurgle
156	Spectrogram 1	1	608.409650764	608.729606004	353.9	1049.7	0.320	546.9;578.1;578.1;601.6;773.4;1015.6	5.062	578.1	117.2	P	0	gurgle
155	Spectrogram 1	1	605.730025634	606.049980874	457.3	1089.5	0.320	593.8;593.8;875.0;875.0;882.8;882.8	5.241	593.8	250.0	P	0	gurgle
137	Spectrogram 1	1	548.180996016	548.520948458	421.5	783.3	0.340	437.5;492.2;531.2;531.2;703.1;726.6	4.534	531.2	164.1	P	0	gurgle
145	Spectrogram 1	1	571.551282126	571.911231770	397.6	922.5	0.360	437.5;476.6;546.9;546.9;789.1;781.2	5.590	546.9	242.2	P	0	gurgle
162	Spectrogram 1	1	624.792525583	625.152475227	556.7	747.5	0.360	609.4;585.9;656.2;695.3;695.3;609.4;585.9	4.330	695.3	70.3	P	0	gurgle
146	Spectrogram 1	1	583.299668799	583.659618443	417.5	934.4	0.360	546.9;570.3;570.3;679.7;679.7;695.3;898.4	4.853	679.7	132.8	P	0	gurgle
150	Spectrogram 1	1	588.792273939	589.152223583	401.6	918.5	0.360	492.2;562.5;593.8;593.8;703.1;703.1;750.0	4.949	703.1	117.2	P	0	gurgle
147	Spectrogram 1	1	585.859310714	586.239257561	381.7	962.2	0.380	429.7;539.1;601.6;703.1;703.1;781.2;632.8	5.312	703.1	140.6	P	0	gurgle
151	Spectrogram 1	1	591.551887879	591.931834726	377.7	811.1	0.380	398.4;507.8;585.9;625.0;625.0;703.1;742.2	5.170	625.0	125.0	P	0	gurgle
136	Spectrogram 1	1	545.401384874	545.801328923	389.7	807.2	0.400	414.1;429.7;570.3;703.1;734.4;734.4;726.6	5.206	734.4	179.7	P	0	gurgle
143	Spectrogram 1	1	566.021964662	566.421908711	453.3	799.2	0.400	500.0;609.4;656.2;687.5;687.5;757.8;687.5	4.447	687.5	39.1	P	0	gurgle
164	Spectrogram 1	1	630.131778641	630.531722690	536.8	783.3	0.400	734.4;585.9;578.1;578.1;703.1;703.1;765.6;726.6	4.648	578.1	125.0	P	0	gurgle
144	Spectrogram 1	1	568.821573007	569.241514258	381.7	966.2	0.420	468.8;414.1;507.8;546.9;546.9;531.2;531.2;562.5	5.337	531.2	117.2	P	0	gurgle
72	Spectrogram 1	1	324.781200314	325.261133174	35.8	210.7	0.480	54.7;54.7;148.4;148.4;54.7;54.7;179.7;179.7;62.5	4.007	148.4	93.8	S	0	grunt
8	Spectrogram 1	1	43.772832225	44.292759489	399.2	584.8	0.520	546.9;500.0;500.0;468.8;523.4;523.4;515.6;460.9;445.3;484.4	3.802	523.4	39.1	B	1	bark
88	Spectrogram 1	1	361.682759664	362.322670143	55.7	246.5	0.640	156.2;156.2;203.1;203.1;210.9;203.1;203.1;140.6;195.3;195.3;203.1;203.1;140.6	3.801	203.1	62.5	S	0	grunt
163	Spectrogram 1	1	627.372164701	628.032072382	600.4	727.6	0.660	632.8;656.2;656.2;687.5;671.9;671.9;648.4;648.4;671.9;648.4;648.4;671.9;671.9;679.7	3.695	656.2	31.2	P	0	gurgle
65	Spectrogram 1	1	306.884330363	307.564235247	45.0	348.6	0.680	148.4;132.8;132.8;210.9;70.3;70.3;62.5;62.5;226.6;226.6;54.7;70.3;70.3;70.3	4.597	70.3	148.4	S	0	grunt
89	Spectrogram 1	1	364.282395984	364.962300868	107.4	230.6	0.680	156.2;148.4;148.4;148.4;148.4;156.2;156.2;179.7;148.4;148.4;156.2;156.2;164.1	3.063	148.4	23.4	S	0	grunt
69	Spectrogram 1	1	317.982151477	318.702050765	39.8	238.6	0.720	140.6;93.8;140.6;156.2;156.2;218.8;148.4;148.4;164.1;218.8;148.4;203.1;203.1;148.4	4.179	156.2	62.5	S	0	grunt
92	Spectrogram 1	1	370.881472798	371.601372086	99.4	214.7	0.720	125.0;140.6;156.2;156.2;148.4;148.4;148.4;156.2;140.6;140.6;156.2;148.4;187.5;125.0	3.069	156.2	15.6	S	0	grunt
114	Spectrogram 1	1	459.459309606	460.179208895	175.0	596.4	0.720	335.9;335.9;203.1;226.6;250.0;218.8;218.8;320.3;320.3;484.4;257.8;257.8;257.8;250.0;250.0	5.126	320.3	140.6	N	0	gurgle
5	Spectrogram 1	1	22.516849975	23.276743668	359.9	646.7	0.760	367.2;554.7;570.3;570.3;445.3;609.4;421.9;429.7;429.7;531.2;625.0;453.1;453.1;429.7;429.7	4.442	429.7	78.1	B	1	bark
6	Spectrogram 1	1	25.316458320	26.076352013	309.3	590.4	0.760	328.1;570.3;437.5;437.5;367.2;367.2;460.9;531.2;406.2;515.6;515.6;375.0;468.8;468.8;570.3	4.772	367.2	117.2	B	1	bark
64	Spectrogram 1	1	305.484526191	306.284414289	39.4	309.3	0.800	101.6;101.6;171.9;171.9;179.7;203.1;203.1;171.9;171.9;210.9;218.8;195.3;195.3;179.7;62.5;62.5	4.455	203.1	54.7	S	0	grunt
66	Spectrogram 1	1	308.524100965	309.323989064	33.7	354.3	0.800	164.1;171.9;171.9;203.1;234.4;203.1;203.1;179.7;242.2;195.3;195.3;70.3;70.3;164.1;164.1;171.9	4.548	171.9	54.7	S	0	grunt
116	Spectrogram 1	1	464.658582247	465.498464750	178.9	839.0	0.840	195.3;203.1;218.8;218.8;210.9;210.9;320.3;320.3;210.9;242.2;304.7;328.1;226.6;234.4;234.4;289.1;437.5	5.319	320.3	117.2	N	0	gurgle
63	Spectrogram 1	1	303.804761184	304.644643687	45.0	359.9	0.840	156.2;164.1;203.1;234.4;234.4;242.2;234.4;234.4;250.0;242.2;242.2;265.6;78.1;70.3;70.3;164.1;78.1	4.454	234.4	85.9	S	0	grunt
71	Spectrogram 1	1	322.541513638	323.381396142	35.8	230.6	0.840	125.0;148.4;54.7;148.4;148.4;62.5;62.5;171.9;171.9;117.2;148.4;210.9;210.9;164.1;46.9;85.9;148.4	4.525	148.4	85.9	S	0	grunt
84	Spectrogram 1	1	350.016417315	350.856299819	19.9	274.4	0.840	62.5;62.5;62.5;148.4;148.4;62.5;62.5;62.5;179.7;54.7;54.7;171.9;171.9;179.7;54.7;54.7	4.441	62.5	109.4	S	0	grunt
85	Spectrogram 1	1	351.696182322	352.576059231	27.8	262.4	0.880	31.2;31.2;46.9;54.7;54.7;242.2;54.7;54.7;54.7;54.7;54.7;54.7;140.6;140.6;125.0;62.5;62.5;54.7	4.375	54.7	93.8	S	0	grunt
115	Spectrogram 1	1	462.138934736	463.018811645	167.0	862.8	0.880	367.2;203.1;226.6;210.9;226.6;250.0;320.3;320.3;218.8;242.2;242.2;257.8;250.0;234.4;234.4;531.2;218.8;218.8	5.239	320.3	109.4	N	0	gurgle
74	Spectrogram 1	1	327.980752709	328.900624022	43.7	230.6	0.920	101.6;101.6;54.7;109.4;109.4;62.5;62.5;148.4;148.4;62.5;62.5;62.5;62.5;140.6;148.4;148.4;54.7;132.8;62.5	4.191	62.5	93.8	S	0	grunt
73	Spectrogram 1	1	326.580948536	327.500819850	39.8	210.7	0.920	46.9;54.7;54.7;54.7;46.9;46.9;46.9;46.9;148.4;148.4;54.7;125.0;140.6;148.4;54.7;54.7;54.7;54.7	3.908	46.9	101.6	S	0	grunt
93	Spectrogram 1	1	372.441254590	373.401120308	99.4	302.2	0.960	171.9;164.1;226.6;226.6;164.1;210.9;210.9;109.4;179.7;179.7;171.9;179.7;179.7;179.7;171.9;171.9;187.5;187.5;273.4	4.240	226.6	62.5	S	0	grunt
70	Spectrogram 1	1	320.181843748	321.141709466	39.8	206.8	0.960	93.8;125.0;125.0;125.0;148.4;156.2;156.2;179.7;140.6;187.5;187.5;148.4;148.4;179.7;187.5;46.9;46.9;156.2;156.2;156.2	3.993	156.2	39.1	S	0	grunt
76	Spectrogram 1	1	330.740366649	331.700232367	27.8	250.5	0.960	109.4;109.4;117.2;171.9;54.7;54.7;54.7;117.2;54.7;54.7;54.7;117.2;109.4;109.4;54.7;54.7;54.7;46.9;109.4;54.7	4.033	54.7	62.5	S	0	grunt
99	Spectrogram 1	1	389.106063079	390.065928797	79.5	226.6	0.960	93.8;101.6;101.6;101.6;101.6;101.6;125.0;148.4;164.1;132.8;156.2;156.2;179.7;179.7;171.9;171.9;171.9;179.7;164.1;164.1	3.828	179.7	39.1	S	0	grunt
61	Spectrogram 1	1	300.205264740	301.165130459	61.9	511.7	0.960	93.8;117.2;125.0;132.8;195.3;195.3;187.5;210.9;210.9;234.4;218.8;218.8;234.4;203.1;203.1;250.0;70.3;70.3;187.5	4.637	210.9	54.7	S	0	grunt
79	Spectrogram 1	1	340.297776918	341.297637041	51.7	226.6	1.000	187.5;125.0;117.2;85.9;117.2;125.0;148.4;148.4;164.1;140.6;140.6;171.9;117.2;140.6;171.9;171.9;171.9;125.0;101.6;93.8;148.4	4.000	140.6	46.9	S	0	grunt
98	Spectrogram 1	1	386.746393188	387.746253311	83.5	194.8	1.000	117.2;140.6;125.0;132.8;148.4;156.2;156.2;164.1;156.2;156.2;156.2;156.2;156.2;156.2;156.2;164.1;156.2;156.2;156.2;156.2	2.805	156.2	15.6	S	0	grunt
75	Spectrogram 1	1	329.220579261	330.220439385	47.7	238.6	1.000	54.7;179.7;93.8;93.8;93.8;85.9;85.9;210.9;210.9;203.1;210.9;210.9;101.6;101.6;101.6;101.6;101.6;85.9;85.9;85.9	3.855	210.9	117.2	S	0	grunt
81	Spectrogram 1	1	345.017116699	346.016976823	23.9	270.4	1.000	70.3;140.6;148.4;148.4;234.4;234.4;148.4;117.2;46.9;46.9;46.9;226.6;54.7;54.7;31.2;148.4;148.4;39.1;179.7;31.2	4.743	148.4	125.0	S	0	grunt
90	Spectrogram 1	1	366.802043495	367.841898023	95.4	202.8	1.040	148.4;156.2;156.2;164.1;164.1;164.1;171.9;148.4;156.2;164.1;164.1;164.1;179.7;132.8;164.1;164.1;164.1;156.2;156.2;164.1;164.1	2.787	156.2	15.6	S	0	grunt
7	Spectrogram 1	1	36.493850528	37.533705056	343.0	657.9	1.040	570.3;382.8;414.1;515.6;515.6;648.4;632.8;632.8;632.8;632.8;632.8;632.8;632.8;632.8;625.0;625.0;632.8;632.8;625.0;539.1;539.1	4.717	515.6	132.8	B	1	modulated moan
62	Spectrogram 1	1	302.324968201	303.364822730	78.7	478.0	1.040	265.6;265.6;437.5;156.2;140.6;156.2;156.2;218.8;156.2;156.2;171.9;218.8;226.6;203.1;203.1;164.1;171.9;148.4;171.9;195.3;195.3	4.453	156.2	54.7	S	0	grunt
60	Spectrogram 1	1	298.525499733	299.605348666	101.2	433.0	1.080	226.6;171.9;179.7;179.7;187.5;195.3;210.9;210.9;179.7;218.8;218.8;218.8;203.1;203.1;406.2;406.2;406.2;171.9;210.9;195.3;187.5;187.5	3.977	210.9	31.2	S	0	grunt
91	Spectrogram 1	1	369.041730171	370.121579104	111.3	648.1	1.080	140.6;148.4;156.2;156.2;148.4;171.9;171.9;148.4;148.4;632.8;632.8;640.6;320.3;320.3;312.5;304.7;554.7;531.2;523.4;523.4;507.8;500.0	5.140	156.2	289.1	S	1	cry
103	Spectrogram 1	1	401.584317417	402.664166350	230.6	870.8	1.080	843.8;414.1;414.1;851.6;851.6;406.2;437.5;437.5;812.5;812.5;414.1;406.2;406.2;406.2;398.4;382.8;343.8;343.8;312.5;375.0;375.0;351.6	4.832	406.2	62.5	L	1	descending moan
4	Spectrogram 1	1	19.597258415	20.677107348	331.8	579.2	1.080	546.9;546.9;507.8;500.0;500.0;359.4;359.4;421.9;421.9;351.6;484.4;484.4;507.8;406.2;406.2;500.0;476.6;476.6;406.2;429.7;414.1;398.4	4.849	484.4	101.6	B	1	bark
11	Spectrogram 1	1	61.664107946	62.743956879	269.9	747.9	1.080	351.6;312.5;343.8;343.8;656.2;656.2;656.2;679.7;679.7;679.7;687.5;687.5;687.5;718.8;718.8;703.1;703.1;703.1;710.9;710.9;710.9;710.9	5.263	656.2	203.1	D	1	ascending moan
82	Spectrogram 1	1	346.696881706	347.816725044	35.8	278.3	1.120	101.6;101.6;101.6;46.9;54.7;54.7;54.7;234.4;54.7;54.7;54.7;234.4;234.4;117.2;226.6;39.1;54.7;54.7;54.7;54.7;54.7;54.7;54.7	4.590	54.7	132.8	S	0	grunt
132	Spectrogram 1	1	521.834469887	522.954313225	242.5	421.5	1.120	273.4;328.1;328.1;296.9;296.9;328.1;351.6;351.6;320.3;320.3;343.8;343.8;328.1;328.1;281.2;281.2;375.0;304.7;320.3;320.3;375.0;335.9;335.9	4.137	320.3	39.1	O	0	grunts
159	Spectrogram 1	1	616.276999722	617.416840263	604.4	1049.7	1.140	664.1;914.1;781.2;781.2;1000.0;1000.0;703.1;742.2;742.2;1007.8;1007.8;781.2;929.7;929.7;679.7;914.1;742.2;742.2;703.1;843.8;929.7;703.1;734.4	5.787	929.7	203.1	J	1	wops
83	Spectrogram 1	1	348.496629928	349.656467671	31.8	250.5	1.160	93.8;93.8;93.8;46.9;46.9;46.9;46.9;46.9;46.9;46.9;46.9;46.9;46.9;46.9;46.9;39.1;70.3;70.3;46.9;46.9;54.7;62.5;70.3;70.3	3.894	46.9	78.1	S	0	grunt
105	Spectrogram 1	1	407.994192950	409.154030693	107.4	242.5	1.160	148.4;171.9;164.1;164.1;164.1;171.9;171.9;179.7;179.7;187.5;195.3;179.7;179.7;171.9;210.9;171.9;171.9;171.9;187.5;187.5;187.5;187.5;195.3;179.7	3.443	179.7	23.4	S	0	grunt
48	Spectrogram 1	1	157.048758364	158.248590512	809.7	1748.8	1.200	1039.1;1125.0;828.1;1671.9;843.8;851.6;851.6;1679.7;859.4;859.4;859.4;867.2;867.2;867.2;859.4;859.4;859.4;1726.6;1726.6;859.4;859.4;867.2;867.2;1023.4	6.608	859.4	570.3	I	1	modulated cry
107	Spectrogram 1	1	413.793381665	414.993213813	111.3	254.5	1.200	164.1;117.2;117.2;117.2;171.9;156.2;156.2;171.9;171.9;187.5;203.1;210.9;210.9;210.9;210.9;210.9;218.8;218.8;210.9;218.8;210.9;210.9;187.5;195.3;203.1	3.252	210.9	31.2	S	0	grunt
96	Spectrogram 1	1	381.867075787	383.066907935	91.5	258.4	1.200	125.0;125.0;125.0;148.4;156.2;156.2;171.9;218.8;218.8;179.7;179.7;179.7;179.7;179.7;171.9;171.9;179.7;179.7;171.9;171.9;179.7;179.7;171.9;171.9;250.0	3.835	179.7	31.2	S	0	grunt
101	Spectrogram 1	1	393.785408456	395.025235008	83.5	198.8	1.240	85.9;85.9;125.0;125.0;85.9;140.6;125.0;140.6;148.4;156.2;156.2;156.2;156.2;171.9;148.4;148.4;164.1;179.7;179.7;179.7;171.9;171.9;156.2;156.2;171.9;156.2	3.384	156.2	23.4	S	0	grunt
100	Spectrogram 1	1	391.465732970	392.705559522	87.5	210.7	1.240	117.2;140.6;117.2;109.4;109.4;117.2;117.2;117.2;117.2;117.2;148.4;148.4;156.2;156.2;164.1;164.1;171.9;148.4;148.4;156.2;171.9;117.2;125.0;156.2;156.2	3.432	148.4	46.9	S	0	grunt
118	Spectrogram 1	1	472.245495611	473.485322164	59.6	695.8	1.240	265.6;93.8;93.8;281.2;265.6;250.0;257.8;265.6;265.6;312.5;312.5;312.5;312.5;320.3;296.9;312.5;320.3;320.3;312.5;312.5;304.7;320.3;101.6;296.9;101.6;101.6	5.215	320.3	70.3	M	1	growl
152	Spectrogram 1	1	593.599990162	594.859813917	592.4	966.2	1.260	734.4;750.0;750.0;664.1;664.1;703.1;703.1;625.0;679.7;765.6;765.6;750.0;757.8;742.2;742.2;703.1;703.1;726.6;851.6;851.6;773.4;710.9;710.9;718.8;718.8;593.8	5.496	765.6	132.8	J	1	wops
58	Spectrogram 1	1	293.926143167	295.205964124	118.1	500.5	1.280	453.1;453.1;171.9;187.5;171.9;171.9;195.3;210.9;210.9;226.6;195.3;218.8;218.8;195.3;195.3;218.8;226.6;171.9;171.9;195.3;195.3;195.3;195.3;187.5;187.5;210.9	4.204	210.9	31.2	S	0	grunt
97	Spectrogram 1	1	384.426717702	385.706538660	79.5	210.7	1.280	109.4;140.6;117.2;140.6;156.2;164.1;164.1;164.1;156.2;156.2;156.2;156.2;179.7;171.9;171.9;179.7;179.7;156.2;171.9;171.9;164.1;164.1;203.1;164.1;164.1;164.1	3.350	164.1	23.4	S	0	grunt
122	Spectrogram 1	1	490.416920447	491.716738607	67.6	699.8	1.300	289.1;296.9;296.9;304.7;289.1;289.1;296.9;304.7;351.6;351.6;296.9;296.9;367.2;367.2;343.8;343.8;328.1;328.1;382.8;312.5;312.5;101.6;351.6;312.5;351.6;335.9	5.463	343.8	78.1	M	1	growl
16	Spectrogram 1	1	88.773050033	90.092865396	230.5	809.7	1.320	257.8;265.6;257.8;250.0;250.0;312.5;312.5;570.3;617.2;601.6;601.6;593.8;578.1;593.8;578.1;578.1;585.9;710.9;593.8;593.8;578.1;578.1;781.2;781.2;609.4;781.2;781.2	5.320	312.5	265.6	D	1	ascending moan
106	Spectrogram 1	1	410.793801295	412.113616658	111.3	258.4	1.320	148.4;117.2;117.2;171.9;164.1;164.1;171.9;203.1;210.9;226.6;234.4;234.4;210.9;218.8;179.7;226.6;226.6;226.6;226.6;226.6;171.9;171.9;218.8;218.8;218.8;179.7;164.1	3.579	234.4	46.9	S	0	grunt
121	Spectrogram 1	1	486.337491144	487.677303709	79.5	540.8	1.340	312.5;312.5;304.7;320.3;320.3;296.9;304.7;304.7;304.7;304.7;312.5;312.5;296.9;312.5;312.5;312.5;312.5;320.3;289.1;320.3;320.3;351.6;320.3;320.3;304.7;109.4;304.7	4.864	312.5	62.5	M	1	growl
104	Spectrogram 1	1	404.914623771	406.274433538	83.5	254.5	1.360	132.8;148.4;148.4;187.5;203.1;210.9;203.1;203.1;210.9;210.9;210.9;218.8;218.8;218.8;226.6;218.8;218.8;226.6;226.6;218.8;210.9;210.9;210.9;210.9;218.8;117.2;218.8;218.8	3.408	210.9	31.2	S	0	grunt
59	Spectrogram 1	1	296.285813057	297.645622825	123.7	489.2	1.360	125.0;468.8;148.4;164.1;132.8;164.1;171.9;171.9;195.3;210.9;210.9;210.9;187.5;210.9;210.9;203.1;203.1;187.5;203.1;203.1;179.7;179.7;187.5;171.9;171.9;195.3;289.1;164.1	4.166	210.9	31.2	S	0	grunt
68	Spectrogram 1	1	314.643244919	316.003054687	253.0	584.8	1.360	281.2;367.2;500.0;320.3;460.9;460.9;421.9;421.9;421.9;421.9;421.9;414.1;421.9;421.9;390.6;375.0;375.0;320.3;320.3;382.8;335.9;335.9;375.0;304.7;296.9;304.7;312.5;304.7	4.554	320.3	78.1	L	1	descending moan
134	Spectrogram 1	1	535.897668911	537.257478679	274.4	437.4	1.360	312.5;421.9;421.9;328.1;335.9;390.6;390.6;335.9;335.9;335.9;328.1;367.2;414.1;328.1;328.1;320.3;328.1;328.1;312.5;328.1;328.1;335.9;312.5;320.3;328.1;328.1;398.4;390.6	4.010	328.1	54.7	O	1	grunts
13	Spectrogram 1	1	74.881632520	76.241442288	258.7	787.2	1.360	289.1;515.6;335.9;335.9;468.8;593.8;593.8;585.9;578.1;585.9;585.9;585.9;585.9;585.9;687.5;710.9;710.9;742.2;742.2;742.2;703.1;703.1;695.3;718.8;718.8;742.2;585.9;585.9	5.312	585.9	250.0	D	1	ascending moan
128	Spectrogram 1	1	509.309413950	510.689220920	43.7	723.7	1.380	265.6;328.1;289.1;265.6;257.8;257.8;265.6;265.6;289.1;335.9;343.8;351.6;351.6;335.9;320.3;320.3;335.9;351.6;351.6;289.1;335.9;335.9;320.3;70.3;296.9;132.8;46.9;70.3	5.573	320.3	78.1	M	1	growl
44	Spectrogram 1	1	188.506320162	189.906124334	708.5	1540.7	1.400	898.4;1101.6;976.6;976.6;851.6;851.6;757.8;757.8;1164.1;1164.1;765.6;765.6;750.0;750.0;750.0;750.0;750.0;750.0;750.0;742.2;742.2;734.4;734.4;726.6;726.6;734.4;945.3;757.8;757.8	6.522	750.0	468.8	I	1	modulated cry
127	Spectrogram 1	1	505.249981849	506.669783224	51.7	882.7	1.420	281.2;289.1;289.1;281.2;289.1;320.3;320.3;296.9;304.7;304.7;367.2;390.6;375.0;375.0;375.0;328.1;367.2;382.8;382.8;382.8;390.6;390.6;367.2;367.2;359.4;359.4;375.0;359.4;359.4	5.920	359.4	117.2	M	1	growl
40	Spectrogram 1	1	220.745734541	222.185533118	888.5	1923.1	1.440	906.2;929.7;929.7;937.5;937.5;945.3;937.5;937.5;945.3;937.5;937.5;937.5;937.5;937.5;937.5;929.7;929.7;929.7;929.7;929.7;929.7;929.7;929.7;929.7;929.7;921.9;1132.8;929.7;929.7	5.583	937.5	414.1	I	1	modulated cry
42	Spectrogram 1	1	204.460664359	205.900462936	725.4	1597.0	1.440	1515.6;757.8;757.8;757.8;757.8;765.6;765.6;757.8;757.8;781.2;765.6;781.2;781.2;781.2;789.1;789.1;789.1;789.1;1578.1;953.1;789.1;789.1;789.1;781.2;781.2;867.2;867.2;984.4;773.4;1148.4	6.523	757.8	546.9	I	1	modulated cry
38	Spectrogram 1	1	236.543524487	237.983323065	860.3	1805.0	1.440	890.6;890.6;882.8;882.8;1757.8;1765.6;1765.6;890.6;890.6;898.4;898.4;906.2;898.4;890.6;890.6;890.6;890.6;890.6;890.6;890.6;890.6;890.6;890.6;1773.4;882.8;1046.9;1046.9;890.6;890.6	5.901	1765.6	718.8	I	1	modulated cry
78	Spectrogram 1	1	337.101647893	338.581440875	294.2	544.7	1.480	429.7;468.8;468.8;507.8;507.8;507.8;468.8;437.5;437.5;421.9;421.9;421.9;421.9;421.9;421.9;414.1;406.2;382.8;421.9;390.6;390.6;421.9;414.1;375.0;375.0;367.2;367.2;421.9;406.2;375.0;375.0	3.870	421.9	23.4	L	1	descending moan
148	Spectrogram 1	1	573.965959282	575.445752264	608.3	1129.2	1.480	1054.7;960.9;960.9;1023.4;1023.4;796.9;796.9;867.2;1031.2;1031.2;789.1;789.1;726.6;796.9;796.9;875.0;875.0;695.3;695.3;625.0;625.0;875.0;875.0;742.2;742.2;781.2;828.1;796.9;968.8;968.8;679.7	6.031	742.2	242.2	J	1	wops
139	Spectrogram 1	1	553.308667478	554.788460461	242.5	516.9	1.480	265.6;265.6;375.0;281.2;281.2;281.2;281.2;289.1;289.1;265.6;304.7;273.4;273.4;273.4;453.1;304.7;304.7;312.5;312.5;296.9;328.1;328.1;312.5;296.9;281.2;320.3;320.3;460.9;296.9;296.9;296.9	4.895	328.1	132.8	Q	1	growl
18	Spectrogram 1	1	99.693693439	101.213480826	230.5	776.0	1.520	250.0;257.8;250.0;250.0;312.5;312.5;265.6;265.6;257.8;351.6;664.1;375.0;375.0;656.2;640.6;648.4;656.2;671.9;671.9;703.1;703.1;726.6;734.4;734.4;734.4;734.4;718.8;679.7;679.7;703.1;734.4;734.4	5.212	312.5	242.2	D	1	ascending moan
47	Spectrogram 1	1	154.409127639	155.928915026	674.8	1557.6	1.520	765.6;1515.6;1515.6;757.8;757.8;765.6;1523.4;757.8;757.8;757.8;757.8;757.8;757.8;1515.6;750.0;750.0;750.0;750.0;750.0;750.0;750.0;742.2;742.2;742.2;742.2;734.4;726.6;710.9;710.9;742.2;976.6	6.218	750.0	523.4	I	1	modulated cry
9	Spectrogram 1	1	55.624952801	57.144740189	545.4	770.4	1.520	625.0;695.3;695.3;695.3;632.8;609.4;609.4;601.6;601.6;601.6;585.9;585.9;585.9;585.9;585.9;585.9;585.9;585.9;601.6;578.1;578.1;578.1;593.8;593.8;585.9;601.6;757.8;757.8;578.1;578.1;578.1;695.3	3.165	585.9	23.4	C	1	cry
87	Spectrogram 1	1	358.443212865	360.002994657	242.5	902.6	1.560	851.6;281.2;414.1;414.1;437.5;406.2;414.1;414.1;406.2;414.1;406.2;406.2;406.2;398.4;398.4;390.6;390.6;367.2;359.4;359.4;343.8;390.6;382.8;382.8;367.2;367.2;398.4;390.6;390.6;390.6;375.0;367.2;367.2	4.695	398.4	46.9	L	1	descending moan
19	Spectrogram 1	1	102.213340950	103.773122742	213.7	686.0	1.560	234.4;234.4;226.6;226.6;226.6;234.4;250.0;250.0;234.4;234.4;257.8;257.8;234.4;234.4;234.4;585.9;562.5;562.5;562.5;562.5;562.5;546.9;546.9;539.1;546.9;593.8;593.8;539.1;585.9;578.1;226.6;226.6	5.003	250.0	304.7	D	1	cry
10	Spectrogram 1	1	58.824505196	60.384286988	343.0	753.5	1.560	468.8;468.8;382.8;601.6;664.1;664.1;687.5;710.9;695.3;679.7;640.6;640.6;640.6;632.8;632.8;640.6;640.6;648.4;656.2;656.2;656.2;664.1;664.1;640.6;640.6;640.6;656.2;656.2;656.2;664.1;671.9;671.9;632.8	4.697	664.1	46.9	D	1	cry
80	Spectrogram 1	1	342.897413238	344.497189435	47.7	338.0	1.600	132.8;156.2;156.2;171.9;156.2;156.2;171.9;140.6;140.6;187.5;187.5;156.2;289.1;289.1;304.7;304.7;304.7;304.7;304.7;312.5;304.7;304.7;304.7;304.7;304.7;304.7;304.7;304.7;304.7;304.7;312.5;304.7;70.3	4.618	156.2	62.5	S	0	grunt + modulated moan
141	Spectrogram 1	1	559.367819825	561.007590427	242.5	473.2	1.640	367.2;265.6;265.6;281.2;281.2;265.6;281.2;281.2;281.2;289.1;273.4;273.4;289.1;281.2;281.2;281.2;273.4;273.4;273.4;273.4;273.4;273.4;273.4;289.1;289.1;289.1;273.4;304.7;304.7;335.9;335.9;273.4;312.5;312.5	4.430	281.2	101.6	Q	1	low yaps
28	Spectrogram 1	1	166.792781974	168.472546981	258.7	399.2	1.680	351.6;312.5;351.6;351.6;359.4;359.4;375.0;375.0;375.0;375.0;367.2;367.2;375.0;367.2;367.2;359.4;359.4;359.4;359.4;359.4;359.4;359.4;359.4;312.5;312.5;304.7;312.5;343.8;359.4;359.4;312.5;359.4;304.7;351.6;351.6	3.032	359.4	15.6	H	1	cry
32	Spectrogram 1	1	198.438709302	200.118474309	258.7	444.2	1.680	289.1;296.9;312.5;312.5;375.0;406.2;390.6;390.6;390.6;390.6;382.8;375.0;375.0;367.2;351.6;351.6;343.8;351.6;351.6;343.8;320.3;343.8;343.8;343.8;328.1;335.9;359.4;359.4;367.2;320.3;359.4;359.4;351.6;351.6;382.8	3.715	375.0	31.2	H	1	cry
55	Spectrogram 1	1	276.798184827	278.477949834	208.1	331.8	1.680	257.8;265.6;273.4;273.4;289.1;289.1;296.9;289.1;289.1;289.1;289.1;289.1;289.1;289.1;289.1;289.1;289.1;289.1;289.1;289.1;289.1;289.1;289.1;289.1;289.1;281.2;273.4;273.4;281.2;289.1;289.1;289.1;289.1;289.1	2.324	289.1	15.6	H	1	modulated moan
12	Spectrogram 1	1	71.922046555	73.641805967	236.2	826.6	1.720	578.1;335.9;757.8;773.4;773.4;765.6;718.8;718.8;687.5;671.9;742.2;742.2;625.0;625.0;625.0;625.0;664.1;656.2;671.9;679.7;695.3;695.3;710.9;710.9;718.8;742.2;742.2;765.6;781.2;726.6;734.4;734.4;742.2;742.2;804.7;789.1	5.289	710.9	85.9	D	1	cry
15	Spectrogram 1	1	86.093424903	87.813184315	241.8	815.4	1.720	265.6;500.0;320.3;320.3;617.2;617.2;609.4;609.4;609.4;601.6;601.6;609.4;617.2;617.2;601.6;609.4;609.4;617.2;617.2;640.6;664.1;664.1;710.9;726.6;726.6;742.2;757.8;765.6;765.6;726.6;726.6;757.8;757.8;765.6;773.4;773.4	5.517	320.3	265.6	D	1	ascending moan
41	Spectrogram 1	1	201.541072799	203.260832211	753.5	1613.8	1.720	773.4;1562.5;1562.5;781.2;781.2;1554.7;1554.7;1554.7;781.2;773.4;781.2;781.2;773.4;773.4;781.2;773.4;773.4;781.2;773.4;781.2;773.4;781.2;781.2;781.2;781.2;781.2;789.1;789.1;789.1;789.1;921.9;1179.7;796.9;796.9;765.6;765.6	6.300	773.4	539.1	I	1	modulated cry
161	Spectrogram 1	1	621.896213615	623.615973027	596.4	835.0	1.720	695.3;695.3;750.0;750.0;765.6;640.6;710.9;710.9;718.8;695.3;695.3;679.7;656.2;656.2;679.7;648.4;625.0;625.0;687.5;687.5;742.2;726.6;726.6;726.6;695.3;820.3;820.3;789.1;789.1;726.6;679.7;789.1;789.1;820.3;820.3	4.883	726.6	101.6	J	1	wops
22	Spectrogram 1	1	121.727187185	123.486941002	230.5	404.9	1.760	265.6;265.6;234.4;281.2;273.4;273.4;304.7;304.7;343.8;351.6;351.6;343.8;343.8;343.8;343.8;335.9;335.9;335.9;328.1;328.1;312.5;312.5;304.7;289.1;320.3;320.3;328.1;335.9;335.9;335.9;335.9;335.9;335.9;328.1;328.1;335.9;335.9	3.112	343.8	15.6	H	1	cry
26	Spectrogram 1	1	151.638743590	153.398497407	286.8	416.1	1.760	328.1;304.7;328.1;328.1;343.8;351.6;351.6;375.0;367.2;367.2;367.2;343.8;351.6;351.6;335.9;328.1;328.1;328.1;320.3;320.3;328.1;328.1;320.3;328.1;328.1;320.3;320.3;343.8;328.1;328.1;328.1;328.1;328.1;320.3;320.3;320.3;351.6	3.366	367.2	31.2	H	1	cry
34	Spectrogram 1	1	214.570231206	216.369979428	230.5	416.1	1.800	289.1;304.7;289.1;296.9;296.9;312.5;359.4;375.0;375.0;375.0;375.0;375.0;367.2;367.2;359.4;351.6;351.6;351.6;359.4;343.8;343.8;343.8;335.9;320.3;312.5;328.1;351.6;343.8;343.8;343.8;351.6;351.6;351.6;351.6;351.6;343.8;343.8	3.170	367.2	23.4	H	1	cry
46	Spectrogram 1	1	172.446604262	174.246352484	686.0	1563.2	1.800	703.1;703.1;835.9;796.9;960.9;687.5;687.5;750.0;937.5;757.8;757.8;757.8;773.4;773.4;773.4;773.4;773.4;781.2;781.2;773.4;773.4;773.4;765.6;765.6;757.8;750.0;757.8;757.8;750.0;750.0;742.2;742.2;734.4;703.1;703.1;1039.1;726.6;1054.7	6.458	765.6	445.3	I	1	modulated cry
125	Spectrogram 1	1	498.337575025	500.157320450	83.5	449.3	1.820	406.2;406.2;109.4;109.4;296.9;296.9;132.8;132.8;289.1;289.1;164.1;226.6;226.6;109.4;257.8;257.8;226.6;226.6;242.2;242.2;296.9;117.2;242.2;242.2;281.2;85.9;85.9;250.0;250.0;242.2;242.2;328.1;226.6;226.6;289.1;289.1;242.2;242.2	5.279	406.2	109.4	O	0	grunts
95	Spectrogram 1	1	378.522575000	380.362317626	258.4	870.8	1.840	539.1;640.6;679.7;406.2;320.3;382.8;421.9;421.9;421.9;421.9;421.9;421.9;421.9;414.1;414.1;406.2;398.4;390.6;390.6;382.8;328.1;328.1;304.7;398.4;398.4;359.4;359.4;351.6;421.9;406.2;406.2;398.4;398.4;398.4;390.6;390.6;406.2;390.6	4.015	390.6	31.2	L	1	descending moan
36	Spectrogram 1	1	230.744335773	232.584078399	281.2	348.6	1.840	320.3;320.3;320.3;320.3;320.3;328.1;328.1;328.1;328.1;328.1;328.1;328.1;328.1;320.3;320.3;320.3;320.3;320.3;320.3;320.3;320.3;320.3;312.5;320.3;320.3;320.3;320.3;328.1;320.3;320.3;328.1;320.3;320.3;304.7;320.3;320.3;296.9;320.3	2.067	320.3	7.8	H	1	modulated moan
111	Spectrogram 1	1	447.101038483	448.940781110	99.4	990.1	1.840	523.4;523.4;484.4;484.4;500.0;500.0;476.6;476.6;500.0;500.0;515.6;515.6;484.4;484.4;492.2;492.2;476.6;492.2;492.2;398.4;468.8;468.8;468.8;476.6;468.8;476.6;476.6;492.2;468.8;468.8;476.6;476.6;484.4;492.2;468.8;117.2;117.2;117.2	6.044	476.6	125.0	M	1	growl
117	Spectrogram 1	1	467.926099878	469.765842505	79.5	715.7	1.840	250.0;257.8;265.6;265.6;125.0;257.8;257.8;273.4;250.0;101.6;265.6;250.0;257.8;257.8;265.6;250.0;328.1;265.6;265.6;312.5;320.3;328.1;328.1;335.9;320.3;328.1;328.1;265.6;109.4;109.4;109.4;117.2;320.3;351.6;117.2;117.2;320.3;320.3	5.611	328.1	117.2	M	1	growl
57	Spectrogram 1	1	291.124363961	293.084089802	191.2	343.0	1.960	242.2;242.2;234.4;242.2;242.2;281.2;281.2;289.1;289.1;289.1;289.1;289.1;289.1;289.1;289.1;289.1;289.1;296.9;289.1;289.1;296.9;296.9;296.9;296.9;289.1;289.1;296.9;296.9;289.1;289.1;289.1;289.1;289.1;289.1;289.1;296.9;281.2;281.2;296.9;289.1;296.9	2.089	289.1	7.8	H	1	modulated moan
108	Spectrogram 1	1	422.845893579	424.805619420	194.8	771.4	1.960	500.0;750.0;750.0;500.0;492.2;492.2;484.4;484.4;484.4;484.4;484.4;476.6;476.6;484.4;484.4;484.4;484.4;484.4;500.0;492.2;492.2;476.6;476.6;468.8;468.8;460.9;445.3;421.9;421.9;406.2;359.4;351.6;351.6;343.8;328.1;351.6;351.6;367.2;468.8;468.8;476.6	4.406	492.2	54.7	K	1	descending moan
149	Spectrogram 1	1	579.225223530	581.184949371	620.3	1006.0	1.960	906.2;773.4;773.4;773.4;734.4;734.4;796.9;757.8;757.8;648.4;664.1;664.1;757.8;757.8;734.4;820.3;820.3;851.6;851.6;960.9;960.9;960.9;750.0;851.6;835.9;835.9;820.3;820.3;835.9;906.2;906.2;812.5;882.8;882.8;757.8;757.8;851.6;734.4;734.4;750.0;781.2	5.543	757.8	140.6	J	1	wops
24	Spectrogram 1	1	137.589936715	139.549662557	258.7	399.2	1.960	328.1;328.1;281.2;289.1;296.9;289.1;296.9;312.5;312.5;359.4;359.4;359.4;359.4;351.6;351.6;351.6;351.6;351.6;351.6;351.6;351.6;351.6;351.6;343.8;343.8;335.9;328.1;320.3;320.3;320.3;351.6;351.6;351.6;359.4;343.8;328.1;328.1;328.1;320.3;343.8;343.8	3.027	351.6	15.6	H	1	cry
20	Spectrogram 1	1	106.172787038	108.172507284	247.4	702.9	2.000	296.9;296.9;296.9;296.9;304.7;304.7;304.7;304.7;304.7;304.7;304.7;312.5;312.5;312.5;312.5;312.5;312.5;312.5;312.5;320.3;320.3;320.3;320.3;320.3;312.5;312.5;312.5;312.5;312.5;320.3;320.3;312.5;312.5;312.5;320.3;312.5;312.5;312.5;492.2;375.0;375.0	2.364	312.5	7.8	F	1	modulated moan
50	Spectrogram 1	1	246.815657212	248.815377458	281.2	686.0	2.000	289.1;351.6;351.6;656.2;656.2;343.8;328.1;320.3;320.3;320.3;320.3;320.3;320.3;328.1;328.1;328.1;320.3;328.1;328.1;320.3;320.3;320.3;320.3;320.3;320.3;320.3;320.3;320.3;320.3;320.3;312.5;320.3;320.3;320.3;320.3;320.3;328.1;390.6;390.6;460.9;460.9;320.3	2.961	320.3	15.6	H	1	modulated moan
67	Spectrogram 1	1	310.803782046	312.803502293	202.4	607.3	2.000	507.8;515.6;515.6;515.6;515.6;515.6;507.8;515.6;515.6;515.6;523.4;500.0;500.0;507.8;515.6;515.6;515.6;531.2;531.2;523.4;523.4;546.9;546.9;554.7;554.7;539.1;539.1;523.4;523.4;484.4;484.4;484.4;468.8;468.8;453.1;382.8;382.8;468.8;390.6;390.6;359.4;359.4	4.280	515.6	39.1	K	1	descending moan
160	Spectrogram 1	1	619.276580092	621.336291946	544.7	1161.0	2.060	750.0;789.1;742.2;742.2;1109.4;968.8;968.8;570.3;718.8;718.8;757.8;671.9;671.9;804.7;851.6;851.6;882.8;742.2;742.2;875.0;734.4;757.8;835.9;968.8;812.5;812.5;906.2;851.6;851.6;593.8;593.8;812.5;812.5;960.9;906.2;937.5;937.5;585.9;890.6;890.6;773.4;773.4;750.0	6.217	718.8	234.4	J	1	wops
140	Spectrogram 1	1	556.108275823	558.167987677	250.5	520.9	2.060	390.6;273.4;273.4;273.4;281.2;281.2;281.2;281.2;281.2;429.7;429.7;328.1;328.1;320.3;320.3;304.7;304.7;328.1;343.8;343.8;351.6;328.1;328.1;335.9;335.9;335.9;343.8;328.1;328.1;335.9;335.9;335.9;335.9;335.9;335.9;335.9;328.1;328.1;328.1;351.6;335.9;335.9;335.9	4.510	335.9	70.3	Q	1	low yaps
30	Spectrogram 1	1	182.818514778	184.898223834	269.9	382.4	2.080	312.5;320.3;320.3;320.3;320.3;320.3;320.3;320.3;328.1;335.9;335.9;335.9;335.9;335.9;335.9;328.1;328.1;312.5;304.7;304.7;296.9;304.7;312.5;312.5;328.1;312.5;328.1;335.9;335.9;335.9;335.9;335.9;328.1;328.1;335.9;335.9;335.9;335.9;335.9;335.9;335.9;328.1;328.1	2.615	335.9	15.6	H	1	cry
17	Spectrogram 1	1	92.932468146	95.052171607	292.4	1540.7	2.120	343.8;351.6;351.6;351.6;351.6;351.6;367.2;375.0;375.0;367.2;367.2;367.2;375.0;375.0;375.0;375.0;382.8;382.8;375.0;375.0;375.0;375.0;375.0;375.0;382.8;375.0;375.0;375.0;335.9;335.9;335.9;343.8;343.8;335.9;375.0;335.9;335.9;335.9;335.9;335.9;367.2;359.4;359.4;359.4	3.505	375.0	15.6	E	1	cry
37	Spectrogram 1	1	233.543944118	235.703641984	736.6	1591.3	2.160	781.2;1570.3;1570.3;1570.3;781.2;781.2;1570.3;789.1;1578.1;789.1;789.1;789.1;789.1;789.1;789.1;789.1;789.1;789.1;1578.1;1578.1;1578.1;789.1;789.1;789.1;789.1;789.1;789.1;789.1;789.1;789.1;789.1;789.1;781.2;781.2;781.2;781.2;781.2;781.2;781.2;781.2;1382.8;742.2;742.2;1343.8;1156.2	5.968	789.1	578.1	I	1	modulated cry
53	Spectrogram 1	1	261.841112496	264.000810362	241.8	365.5	2.160	289.1;296.9;296.9;296.9;304.7;304.7;320.3;320.3;320.3;320.3;320.3;320.3;312.5;312.5;312.5;312.5;312.5;312.5;304.7;304.7;304.7;304.7;304.7;304.7;296.9;304.7;304.7;304.7;304.7;304.7;312.5;296.9;304.7;304.7;304.7;304.7;304.7;312.5;304.7;304.7;304.7;312.5;320.3;304.7;304.7;312.5	2.333	304.7	7.8	H	1	cry
133	Spectrogram 1	1	533.284660617	535.504350090	214.7	373.8	2.220	273.4;273.4;265.6;273.4;273.4;273.4;273.4;257.8;257.8;265.6;242.2;250.0;250.0;265.6;250.0;250.0;265.6;257.8;265.6;265.6;265.6;289.1;296.9;273.4;257.8;265.6;265.6;250.0;265.6;257.8;257.8;257.8;265.6;304.7;304.7;257.8;328.1;312.5;312.5;304.7;304.7;273.4;328.1;289.1;289.1;320.3;343.8	4.030	265.6	46.9	M	1	growl
43	Spectrogram 1	1	185.546734197	187.786420873	691.6	1552.0	2.240	765.6;773.4;773.4;757.8;898.4;898.4;1507.8;1507.8;1500.0;742.2;742.2;750.0;750.0;742.2;742.2;742.2;742.2;742.2;742.2;734.4;734.4;734.4;734.4;734.4;726.6;726.6;726.6;726.6;726.6;718.8;718.8;718.8;710.9;703.1;703.1;703.1;703.1;703.1;710.9;726.6;937.5;1406.2;703.1;703.1;703.1;703.1;945.3	6.472	703.1	523.4	I	1	modulated cry
45	Spectrogram 1	1	169.527012702	171.766699378	652.3	1535.1	2.240	976.6;976.6;1007.8;992.2;992.2;734.4;734.4;1453.1;1453.1;1445.3;1445.3;1437.5;1429.7;726.6;710.9;710.9;710.9;710.9;710.9;710.9;703.1;703.1;703.1;703.1;695.3;703.1;703.1;703.1;703.1;703.1;695.3;695.3;695.3;695.3;687.5;695.3;695.3;703.1;703.1;695.3;695.3;828.1;664.1;687.5;687.5;687.5;804.7	6.284	710.9	468.8	I	1	modulated cry
110	Spectrogram 1	1	441.896171930	444.135858606	147.1	930.4	2.240	203.1;203.1;203.1;203.1;203.1;203.1;390.6;390.6;210.9;406.2;406.2;406.2;406.2;203.1;203.1;414.1;390.6;390.6;390.6;179.7;179.7;179.7;179.7;179.7;179.7;179.7;179.7;179.7;382.8;187.5;398.4;390.6;390.6;328.1;375.0;375.0;179.7;179.7;453.1;476.6;476.6;179.7;179.7;179.7;359.4;171.9	5.997	179.7	296.9	M	1	growl
112	Spectrogram 1	1	451.820378265	454.060064941	83.5	874.8	2.240	414.1;492.2;398.4;398.4;437.5;398.4;460.9;460.9;406.2;406.2;414.1;484.4;484.4;492.2;492.2;500.0;476.6;476.6;429.7;414.1;406.2;406.2;414.1;414.1;414.1;414.1;414.1;398.4;398.4;406.2;414.1;414.1;500.0;476.6;476.6;492.2;492.2;507.8;507.8;476.6;109.4;109.4;109.4;117.2;117.2;117.2;117.2	5.909	414.1	117.2	M	1	growl
129	Spectrogram 1	1	511.744149066	514.043827350	171.0	445.3	2.300	289.1;289.1;265.6;265.6;328.1;343.8;281.2;289.1;367.2;296.9;265.6;429.7;203.1;250.0;328.1;234.4;257.8;406.2;226.6;265.6;250.0;226.6;226.6;265.6;335.9;296.9;351.6;335.9;273.4;375.0;257.8;343.8;195.3;265.6;281.2;390.6;234.4;257.8;375.0;335.9;367.2;335.9;328.1;312.5;335.9;382.8;296.9;343.8;335.9	4.866	257.8	78.1	O	0	grunts
39	Spectrogram 1	1	217.866137386	220.225807276	899.7	1911.9	2.360	953.1;937.5;929.7;929.7;929.7;929.7;929.7;937.5;937.5;937.5;937.5;937.5;937.5;937.5;937.5;937.5;937.5;929.7;929.7;937.5;937.5;929.7;929.7;937.5;929.7;929.7;929.7;937.5;929.7;937.5;937.5;937.5;937.5;937.5;937.5;937.5;945.3;945.3;968.8;937.5;937.5;1109.4;1109.4;984.4;945.3;945.3;929.7;929.7;906.2;906.2	5.145	929.7	375.0	I	1	modulated cry
109	Spectrogram 1	1	435.960635026	438.320304916	167.0	731.6	2.360	421.9;468.8;468.8;476.6;476.6;476.6;476.6;468.8;468.8;468.8;468.8;468.8;468.8;476.6;476.6;476.6;476.6;476.6;484.4;476.6;460.9;460.9;460.9;468.8;468.8;468.8;468.8;468.8;468.8;460.9;460.9;460.9;453.1;453.1;226.6;445.3;421.9;406.2;390.6;390.6;375.0;343.8;328.1;335.9;335.9;328.1;320.3;382.8;406.2	4.064	460.9	54.7	K	1	descending moan
86	Spectrogram 1	1	354.255824238	356.615494129	222.7	807.2	2.360	484.4;484.4;484.4;484.4;484.4;492.2;492.2;500.0;492.2;492.2;492.2;492.2;500.0;492.2;500.0;500.0;500.0;500.0;500.0;500.0;523.4;523.4;500.0;515.6;515.6;515.6;507.8;507.8;515.6;515.6;515.6;515.6;515.6;515.6;515.6;515.6;507.8;484.4;484.4;468.8;507.8;507.8;507.8;507.8;343.8;335.9;445.3;398.4;343.8	3.806	515.6	23.4	K	1	descending moan
124	Spectrogram 1	1	495.517969478	497.897636571	95.4	441.4	2.380	273.4;273.4;289.1;140.6;140.6;140.6;132.8;140.6;140.6;242.2;242.2;242.2;265.6;328.1;328.1;242.2;125.0;125.0;117.2;304.7;304.7;289.1;289.1;429.7;312.5;312.5;414.1;187.5;289.1;289.1;312.5;312.5;101.6;195.3;210.9;187.5;203.1;203.1;406.2;210.9;210.9;210.9;195.3;203.1;203.1;203.1;101.6;179.7;187.5	5.273	328.1	125.0	O	0	grunts
14	Spectrogram 1	1	79.014415230	81.414079526	320.5	1535.1	2.400	375.0;375.0;375.0;375.0;375.0;375.0;375.0;382.8;382.8;375.0;375.0;382.8;375.0;375.0;375.0;375.0;375.0;375.0;375.0;367.2;367.2;367.2;367.2;375.0;375.0;375.0;375.0;375.0;375.0;375.0;375.0;375.0;375.0;375.0;375.0;375.0;375.0;375.0;367.2;367.2;367.2;367.2;367.2;367.2;367.2;375.0;375.0;367.2;375.0;375.0	2.409	375.0	7.8	E	1	modulated moan
113	Spectrogram 1	1	455.979796377	458.419455078	83.5	751.5	2.440	101.6;406.2;328.1;328.1;101.6;101.6;328.1;335.9;335.9;320.3;320.3;320.3;328.1;328.1;335.9;335.9;335.9;328.1;328.1;335.9;335.9;304.7;312.5;312.5;320.3;320.3;320.3;320.3;320.3;328.1;328.1;375.0;375.0;390.6;390.6;367.2;382.8;382.8;390.6;390.6;398.4;328.1;335.9;335.9;351.6;351.6;359.4;390.6;351.6;85.9;406.2	5.380	320.3	78.1	M	1	growl
126	Spectrogram 1	1	500.777233726	503.236889629	83.5	429.4	2.460	234.4;257.8;257.8;109.4;109.4;117.2;125.0;117.2;132.8;117.2;117.2;226.6;218.8;218.8;234.4;234.4;375.0;117.2;117.2;273.4;273.4;132.8;132.8;335.9;117.2;140.6;226.6;382.8;382.8;375.0;375.0;375.0;289.1;93.8;93.8;93.8;289.1;328.1;226.6;351.6;218.8;226.6;226.6;367.2;328.1;328.1;351.6;234.4;335.9;335.9;382.8	5.124	234.4	117.2	O	0	grunts
77	Spectrogram 1	1	332.822246566	335.301899671	353.9	835.0	2.480	523.4;539.1;539.1;796.9;531.2;531.2;531.2;546.9;546.9;546.9;546.9;546.9;546.9;546.9;546.9;546.9;546.9;546.9;546.9;554.7;554.7;546.9;546.9;546.9;539.1;539.1;539.1;539.1;539.1;554.7;554.7;546.9;546.9;546.9;546.9;546.9;523.4;546.9;546.9;507.8;476.6;476.6;539.1;539.1;390.6;390.6;453.1;437.5;414.1;382.8;398.4;398.4	4.047	539.1	23.4	K	1	descending moan
130	Spectrogram 1	1	515.022049076	517.541696586	250.5	413.5	2.520	289.1;296.9;296.9;375.0;289.1;335.9;335.9;328.1;406.2;375.0;343.8;289.1;304.7;289.1;296.9;296.9;351.6;296.9;328.1;328.1;328.1;289.1;398.4;296.9;328.1;273.4;304.7;304.7;296.9;296.9;328.1;328.1;335.9;296.9;320.3;273.4;335.9;335.9;335.9;343.8;343.8;335.9;343.8;343.8;343.8;367.2;367.2;375.0;257.8;257.8;312.5;320.3	3.960	343.8	54.7	O	0	grunts
94	Spectrogram 1	1	374.483140102	377.042782017	298.2	886.7	2.560	484.4;484.4;492.2;515.6;515.6;515.6;515.6;523.4;523.4;523.4;539.1;539.1;539.1;539.1;539.1;539.1;546.9;546.9;546.9;546.9;546.9;539.1;539.1;554.7;554.7;562.5;562.5;562.5;562.5;562.5;570.3;570.3;570.3;546.9;539.1;523.4;476.6;476.6;492.2;492.2;414.1;390.6;390.6;382.8;343.8;343.8;390.6;351.6;351.6;390.6;382.8;546.9;546.9;367.2	4.834	546.9	70.3	K	1	descending moan
153	Spectrogram 1	1	596.059646065	598.639285183	600.4	938.4	2.580	867.2;812.5;812.5;773.4;726.6;726.6;687.5;687.5;695.3;695.3;742.2;734.4;734.4;742.2;742.2;718.8;718.8;757.8;734.4;734.4;742.2;671.9;671.9;718.8;820.3;820.3;742.2;843.8;843.8;781.2;718.8;734.4;734.4;750.0;750.0;750.0;640.6;640.6;710.9;718.8;718.8;742.2;742.2;757.8;757.8;843.8;750.0;750.0;789.1;726.6;726.6;882.8;773.4;773.4	5.366	734.4	125.0	J	1	wops
123	Spectrogram 1	1	492.333369494	494.913008612	95.4	453.3	2.580	273.4;273.4;273.4;289.1;140.6;132.8;132.8;453.1;296.9;296.9;359.4;132.8;257.8;257.8;257.8;257.8;289.1;257.8;132.8;132.8;125.0;148.4;148.4;148.4;117.2;289.1;320.3;320.3;296.9;335.9;335.9;148.4;148.4;335.9;335.9;156.2;164.1;257.8;257.8;257.8;265.6;265.6;429.7;257.8;257.8;257.8;257.8;257.8;125.0;406.2;296.9;296.9;367.2;367.2	4.959	265.6	93.8	O	0	grunts
102	Spectrogram 1	1	397.144938470	399.864558005	194.8	850.9	2.720	492.2;492.2;492.2;500.0;492.2;492.2;500.0;500.0;492.2;492.2;476.6;484.4;484.4;484.4;484.4;484.4;492.2;492.2;500.0;507.8;507.8;507.8;500.0;500.0;500.0;507.8;507.8;507.8;507.8;507.8;507.8;515.6;515.6;515.6;515.6;546.9;546.9;546.9;539.1;539.1;523.4;523.4;507.8;515.6;500.0;500.0;484.4;382.8;382.8;507.8;507.8;375.0;351.6;328.1;328.1;312.5;507.8	4.030	507.8	23.4	K	1	descending moan
131	Spectrogram 1	1	518.021629445	520.761246183	250.5	401.6	2.740	343.8;359.4;343.8;343.8;351.6;375.0;312.5;312.5;304.7;328.1;289.1;289.1;312.5;351.6;296.9;335.9;335.9;296.9;296.9;328.1;351.6;367.2;367.2;320.3;320.3;281.2;343.8;343.8;304.7;304.7;296.9;273.4;367.2;343.8;343.8;320.3;320.3;343.8;304.7;320.3;320.3;359.4;320.3;320.3;343.8;328.1;343.8;343.8;351.6;351.6;257.8;335.9;335.9;359.4;343.8;343.8;273.4	3.946	351.6	39.1	O	0	grunts
2	Spectrogram 1	1	7.278981697	10.038595637	258.7	444.2	2.760	265.6;265.6;281.2;273.4;273.4;265.6;265.6;296.9;296.9;296.9;289.1;296.9;421.9;421.9;265.6;265.6;281.2;281.2;296.9;296.9;296.9;296.9;273.4;289.1;289.1;289.1;289.1;281.2;281.2;281.2;320.3;273.4;273.4;296.9;296.9;281.2;289.1;281.2;281.2;296.9;296.9;296.9;296.9;289.1;289.1;312.5;312.5;304.7;304.7;312.5;281.2;281.2;320.3;320.3;320.3;312.5;289.1;312.5	4.015	296.9	39.1	A	1	low yaps
56	Spectrogram 1	1	286.724979419	289.684565383	67.5	787.2	2.960	70.3;195.3;187.5;187.5;187.5;187.5;187.5;187.5;187.5;187.5;187.5;203.1;203.1;195.3;195.3;195.3;195.3;93.8;195.3;195.3;195.3;195.3;195.3;195.3;195.3;195.3;195.3;187.5;750.0;187.5;187.5;187.5;187.5;187.5;179.7;179.7;179.7;179.7;179.7;179.7;179.7;179.7;179.7;179.7;179.7;179.7;187.5;187.5;187.5;187.5;187.5;187.5;179.7;187.5;187.5;187.5;187.5;187.5;187.5;187.5;187.5;78.1	3.824	179.7	15.6	R	1	modulated moan
54	Spectrogram 1	1	272.238822665	275.358386250	84.3	376.7	3.120	125.0;117.2;117.2;117.2;117.2;117.2;234.4;226.6;226.6;226.6;226.6;226.6;226.6;218.8;218.8;218.8;218.8;210.9;210.9;210.9;210.9;210.9;210.9;203.1;203.1;203.1;203.1;203.1;203.1;203.1;203.1;203.1;195.3;203.1;203.1;203.1;203.1;203.1;203.1;195.3;195.3;195.3;195.3;195.3;195.3;195.3;195.3;195.3;195.3;195.3;195.3;195.3;195.3;195.3;195.3;195.3;195.3;195.3;195.3;195.3;140.6;195.3;195.3;195.3;195.3;304.7	3.105	203.1	15.6	G	1	modulated moan
1	Spectrogram 1	1	2.799608345	5.999160739	230.5	427.4	3.200	320.3;367.2;367.2;406.2;234.4;234.4;281.2;281.2;273.4;273.4;359.4;359.4;250.0;343.8;343.8;312.5;312.5;343.8;343.8;343.8;343.8;234.4;242.2;242.2;296.9;289.1;351.6;351.6;273.4;304.7;281.2;281.2;304.7;304.7;320.3;242.2;242.2;390.6;367.2;367.2;281.2;375.0;375.0;390.6;390.6;296.9;296.9;296.9;273.4;273.4;335.9;335.9;343.8;335.9;335.9;398.4;335.9;335.9;406.2;312.5;273.4;273.4;273.4;304.7;320.3;320.3;367.2	4.554	335.9	78.1	A	1	low yaps
3	Spectrogram 1	1	11.078450165	14.357991369	247.4	444.2	3.280	289.1;289.1;250.0;320.3;281.2;281.2;312.5;312.5;257.8;289.1;289.1;320.3;320.3;320.3;320.3;312.5;312.5;328.1;320.3;320.3;296.9;304.7;304.7;289.1;296.9;296.9;296.9;296.9;296.9;281.2;296.9;296.9;414.1;312.5;312.5;320.3;320.3;320.3;296.9;312.5;312.5;289.1;289.1;289.1;265.6;265.6;265.6;296.9;273.4;273.4;273.4;273.4;273.4;289.1;289.1;296.9;406.2;296.9;296.9;281.2;289.1;289.1;312.5;312.5;281.2;281.2;312.5;304.7;304.7	4.222	304.7	46.9	A	1	low yaps
119	Spectrogram 1	1	474.810714893	478.130250503	91.5	397.6	3.320	132.8;226.6;257.8;226.6;250.0;250.0;257.8;257.8;257.8;257.8;257.8;117.2;117.2;125.0;93.8;250.0;257.8;257.8;257.8;312.5;312.5;265.6;257.8;257.8;257.8;273.4;273.4;312.5;257.8;257.8;242.2;265.6;312.5;312.5;335.9;140.6;140.6;140.6;140.6;140.6;132.8;328.1;328.1;140.6;140.6;140.6;312.5;312.5;140.6;140.6;140.6;140.6;140.6;140.6;132.8;125.0;125.0;125.0;125.0;125.0;312.5;125.0;132.8;132.8;125.0;125.0;125.0;125.0;234.4;132.8	4.661	312.5	164.1	O	0	grunts
21	Spectrogram 1	1	116.767880974	120.327383013	185.6	517.3	3.560	445.3;437.5;226.6;468.8;468.8;468.8;468.8;476.6;476.6;476.6;476.6;476.6;476.6;476.6;476.6;484.4;476.6;476.6;476.6;476.6;476.6;242.2;476.6;468.8;468.8;468.8;468.8;468.8;468.8;468.8;468.8;468.8;460.9;460.9;460.9;460.9;460.9;460.9;460.9;460.9;460.9;453.1;453.1;453.1;453.1;460.9;460.9;234.4;234.4;234.4;234.4;234.4;234.4;234.4;234.4;234.4;234.4;234.4;234.4;234.4;234.4;234.4;234.4;234.4;234.4;234.4;437.5;437.5;429.7;437.5;468.8;429.7;476.6;476.6	3.468	460.9	234.4	G	1	modulated moan
52	Spectrogram 1	1	256.559262788	260.598697685	90.0	343.0	4.039	296.9;312.5;312.5;312.5;312.5;312.5;304.7;289.1;273.4;273.4;304.7;296.9;273.4;289.1;289.1;296.9;304.7;304.7;304.7;304.7;296.9;296.9;289.1;289.1;273.4;273.4;132.8;289.1;273.4;273.4;273.4;132.8;132.8;132.8;132.8;132.8;265.6;265.6;132.8;265.6;265.6;257.8;257.8;257.8;257.8;257.8;257.8;257.8;257.8;257.8;257.8;257.8;257.8;250.0;250.0;250.0;250.0;250.0;250.0;250.0;250.0;250.0;250.0;250.0;250.0;250.0;250.0;250.0;250.0;250.0;250.0;242.2;125.0;250.0;250.0;125.0;125.0;250.0;250.0;242.2;242.2;250.0;93.8;250.0;242.2	3.097	250.0	7.8	G	1	modulated moan
29	Spectrogram 1	1	176.911366420	181.070784533	174.3	719.8	4.159	406.2;203.1;203.1;453.1;453.1;453.1;453.1;453.1;453.1;453.1;453.1;445.3;445.3;453.1;453.1;445.3;445.3;445.3;445.3;453.1;453.1;453.1;453.1;460.9;460.9;460.9;453.1;453.1;453.1;453.1;453.1;453.1;453.1;453.1;460.9;226.6;453.1;453.1;445.3;445.3;445.3;445.3;218.8;445.3;437.5;437.5;437.5;437.5;437.5;429.7;421.9;429.7;429.7;429.7;429.7;429.7;437.5;210.9;429.7;429.7;429.7;429.7;429.7;421.9;421.9;421.9;414.1;414.1;414.1;414.1;414.1;406.2;406.2;406.2;406.2;406.2;421.9;398.4;406.2;406.2;414.1;414.1;406.2;406.2;429.7;203.1;195.3	4.216	414.1	39.1	G	1	modulated moan
31	Spectrogram 1	1	192.799498207	197.038905130	191.2	483.6	4.239	460.9;468.8;468.8;460.9;460.9;468.8;468.8;468.8;468.8;468.8;468.8;468.8;460.9;460.9;460.9;460.9;460.9;460.9;453.1;453.1;453.1;453.1;460.9;460.9;453.1;453.1;226.6;226.6;437.5;437.5;437.5;445.3;445.3;445.3;437.5;437.5;437.5;437.5;437.5;445.3;445.3;445.3;445.3;226.6;218.8;226.6;226.6;218.8;218.8;226.6;218.8;218.8;218.8;445.3;445.3;445.3;218.8;218.8;437.5;437.5;437.5;437.5;218.8;429.7;429.7;218.8;218.8;437.5;437.5;437.5;437.5;437.5;429.7;429.7;429.7;429.7;218.8;218.8;437.5;429.7;210.9;437.5;437.5;437.5;218.8;375.0;429.7;429.7;429.7	3.533	429.7	218.8	G	1	modulated moan
23	Spectrogram 1	1	132.430658479	136.670065402	213.7	590.4	4.239	484.4;234.4;492.2;492.2;492.2;484.4;484.4;484.4;242.2;242.2;523.4;515.6;515.6;484.4;515.6;515.6;546.9;257.8;546.9;546.9;257.8;257.8;546.9;546.9;539.1;546.9;273.4;539.1;539.1;265.6;531.2;265.6;507.8;507.8;257.8;257.8;250.0;250.0;492.2;250.0;242.2;242.2;242.2;242.2;242.2;242.2;242.2;242.2;242.2;242.2;242.2;242.2;242.2;242.2;242.2;242.2;242.2;242.2;242.2;242.2;242.2;250.0;242.2;242.2;242.2;242.2;242.2;242.2;242.2;242.2;242.2;242.2;242.2;242.2;242.2;234.4;242.2;242.2;242.2;242.2;476.6;390.6;484.4;484.4;484.4;484.4;492.2;492.2;335.9	3.440	242.2	226.6	G	1	cry
25	Spectrogram 1	1	146.279493330	150.598889062	208.1	747.9	4.319	250.0;484.4;523.4;523.4;515.6;507.8;257.8;257.8;515.6;250.0;250.0;242.2;242.2;468.8;468.8;468.8;453.1;468.8;453.1;453.1;476.6;476.6;476.6;242.2;242.2;242.2;242.2;476.6;476.6;484.4;484.4;242.2;242.2;242.2;242.2;242.2;242.2;242.2;242.2;242.2;242.2;242.2;250.0;250.0;250.0;250.0;250.0;492.2;492.2;492.2;492.2;492.2;484.4;242.2;242.2;242.2;242.2;242.2;242.2;242.2;242.2;484.4;484.4;484.4;484.4;500.0;242.2;242.2;242.2;250.0;257.8;492.2;484.4;484.4;242.2;484.4;492.2;492.2;492.2;492.2;500.0;242.2;242.2;242.2;242.2;382.8;484.4;484.4;703.1;703.1;484.4	4.076	242.2	242.2	G	1	modulated moan
27	Spectrogram 1	1	160.954016569	165.473384326	185.6	494.8	4.519	312.5;453.1;460.9;460.9;460.9;460.9;460.9;468.8;460.9;460.9;468.8;468.8;468.8;468.8;468.8;468.8;468.8;460.9;460.9;453.1;453.1;453.1;460.9;234.4;234.4;226.6;453.1;453.1;453.1;226.6;226.6;226.6;234.4;234.4;226.6;226.6;226.6;226.6;226.6;226.6;226.6;226.6;218.8;218.8;445.3;445.3;437.5;437.5;445.3;445.3;445.3;437.5;218.8;218.8;218.8;218.8;226.6;226.6;226.6;226.6;445.3;445.3;226.6;226.6;234.4;226.6;226.6;226.6;234.4;234.4;234.4;234.4;234.4;242.2;468.8;468.8;234.4;234.4;234.4;242.2;234.4;234.4;234.4;234.4;234.4;226.6;226.6;234.4;234.4;226.6;226.6;226.6;234.4;460.9;226.6;226.6	3.454	218.8	210.9	G	1	modulated moan
51	Spectrogram 1	1	249.440258710	253.959626467	719.8	1574.5	4.519	1367.2;1093.8;781.2;781.2;992.2;773.4;1554.7;773.4;773.4;773.4;773.4;773.4;773.4;906.2;828.1;828.1;765.6;765.6;765.6;765.6;765.6;765.6;765.6;765.6;765.6;1539.1;1539.1;1539.1;1546.9;1539.1;1539.1;1546.9;1546.9;773.4;1546.9;1539.1;1539.1;773.4;1546.9;1546.9;765.6;1539.1;1539.1;945.3;945.3;765.6;781.2;781.2;757.8;757.8;765.6;773.4;1062.5;789.1;789.1;1117.2;1398.4;734.4;734.4;781.2;773.4;773.4;1546.9;1546.9;773.4;1539.1;757.8;757.8;757.8;757.8;765.6;757.8;1523.4;1523.4;765.6;765.6;765.6;765.6;765.6;765.6;765.6;765.6;1531.2;1539.1;765.6;765.6;765.6;765.6;765.6;757.8;757.8;937.5;937.5;765.6;765.6	6.033	765.6	656.2	I	1	modulated cry
154	Spectrogram 1	1	599.810853705	604.350218664	560.6	942.3	4.539	632.8;929.7;671.9;671.9;718.8;734.4;734.4;625.0;625.0;773.4;773.4;843.8;843.8;593.8;929.7;843.8;843.8;765.6;765.6;914.1;726.6;726.6;625.0;718.8;718.8;570.3;664.1;664.1;664.1;781.2;765.6;742.2;734.4;734.4;742.2;742.2;570.3;570.3;734.4;734.4;656.2;742.2;742.2;742.2;742.2;750.0;750.0;750.0;820.3;796.9;742.2;742.2;742.2;742.2;882.8;882.8;734.4;734.4;789.1;710.9;710.9;656.2;742.2;742.2;765.6;765.6;820.3;632.8;632.8;757.8;773.4;773.4;648.4;726.6;726.6;601.6;734.4;734.4;703.1;703.1;703.1;640.6;640.6;609.4;609.4;664.1;664.1;734.4;734.4;859.4;859.4;734.4;734.4;734.4;796.9;796.9	5.542	734.4	148.4	J	1	wops
35	Spectrogram 1	1	224.665186224	229.344531600	163.1	478.0	4.679	226.6;226.6;296.9;218.8;210.9;218.8;218.8;218.8;218.8;445.3;445.3;445.3;445.3;437.5;437.5;437.5;437.5;437.5;437.5;437.5;429.7;429.7;414.1;414.1;414.1;414.1;429.7;429.7;429.7;429.7;429.7;421.9;414.1;414.1;414.1;406.2;406.2;406.2;414.1;414.1;414.1;406.2;406.2;406.2;398.4;398.4;398.4;398.4;398.4;398.4;398.4;390.6;390.6;398.4;390.6;390.6;390.6;390.6;390.6;390.6;390.6;390.6;390.6;390.6;195.3;195.3;382.8;382.8;382.8;382.8;382.8;382.8;382.8;382.8;382.8;382.8;382.8;382.8;375.0;375.0;375.0;375.0;375.0;375.0;375.0;367.2;367.2;367.2;367.2;375.0;382.8;375.0;375.0;367.2;375.0;375.0;179.7;390.6;367.2	3.752	382.8	31.2	G	1	modulated moan
49	Spectrogram 1	1	240.736507663	245.415853039	179.9	719.8	4.679	632.8;203.1;195.3;195.3;195.3;195.3;195.3;226.6;226.6;468.8;468.8;476.6;476.6;476.6;476.6;234.4;234.4;234.4;679.7;234.4;460.9;460.9;234.4;234.4;453.1;453.1;453.1;460.9;234.4;234.4;453.1;453.1;453.1;453.1;460.9;226.6;234.4;234.4;234.4;234.4;468.8;468.8;468.8;234.4;234.4;234.4;234.4;460.9;468.8;468.8;460.9;460.9;226.6;234.4;234.4;234.4;460.9;460.9;460.9;468.8;468.8;460.9;460.9;460.9;226.6;234.4;234.4;234.4;460.9;460.9;460.9;460.9;226.6;226.6;234.4;234.4;234.4;476.6;468.8;468.8;242.2;242.2;234.4;234.4;234.4;234.4;234.4;242.2;234.4;468.8;468.8;234.4;234.4;476.6;234.4;234.4;242.2;234.4;234.4	3.995	460.9	226.6	G	1	modulated moan
120	Spectrogram 1	1	478.870146994	483.809456002	75.5	405.6	4.939	289.1;296.9;296.9;140.6;140.6;296.9;296.9;296.9;140.6;234.4;359.4;359.4;218.8;375.0;304.7;187.5;375.0;375.0;187.5;187.5;187.5;187.5;367.2;367.2;226.6;226.6;257.8;281.2;257.8;265.6;265.6;320.3;265.6;265.6;273.4;289.1;117.2;117.2;148.4;125.0;125.0;125.0;132.8;328.1;328.1;132.8;125.0;125.0;117.2;125.0;125.0;117.2;164.1;132.8;273.4;273.4;265.6;304.7;304.7;265.6;257.8;257.8;273.4;117.2;117.2;273.4;78.1;78.1;265.6;265.6;250.0;250.0;281.2;109.4;257.8;257.8;117.2;117.2;109.4;101.6;101.6;101.6;257.8;234.4;304.7;304.7;109.4;109.4;250.0;250.0;109.4;109.4;109.4;109.4;343.8;343.8;312.5;312.5;375.0;351.6;351.6;351.6;335.9;351.6;382.8	5.126	304.7	132.8	O	0	grunts
33	Spectrogram 1	1	208.131132013	213.410393463	185.6	506.1	5.279	218.8;218.8;218.8;210.9;218.8;218.8;218.8;218.8;218.8;218.8;460.9;226.6;226.6;226.6;453.1;445.3;453.1;453.1;445.3;445.3;453.1;453.1;445.3;445.3;445.3;437.5;437.5;445.3;445.3;437.5;437.5;437.5;437.5;445.3;445.3;445.3;445.3;445.3;445.3;445.3;226.6;218.8;218.8;226.6;226.6;226.6;453.1;453.1;445.3;445.3;445.3;453.1;453.1;453.1;453.1;226.6;226.6;226.6;226.6;445.3;437.5;437.5;218.8;218.8;226.6;226.6;445.3;226.6;226.6;226.6;460.9;460.9;226.6;460.9;226.6;234.4;234.4;234.4;234.4;242.2;242.2;476.6;476.6;476.6;242.2;242.2;476.6;476.6;468.8;476.6;460.9;460.9;460.9;460.9;460.9;476.6;234.4;453.1;453.1;453.1;460.9;460.9;453.1;453.1;445.3;445.3;445.3;453.1;429.7;429.7;328.1	3.890	226.6	226.6	G	1	modulated moan
135	Spectrogram 1	1	538.117358385	544.056527516	127.2	397.6	5.939	164.1;164.1;164.1;359.4;359.4;179.7;343.8;343.8;359.4;359.4;359.4;359.4;367.2;289.1;289.1;289.1;367.2;367.2;179.7;179.7;171.9;179.7;179.7;171.9;179.7;179.7;343.8;218.8;328.1;328.1;312.5;328.1;328.1;164.1;164.1;156.2;328.1;320.3;335.9;335.9;226.6;226.6;179.7;375.0;164.1;375.0;375.0;164.1;164.1;328.1;359.4;390.6;375.0;375.0;257.8;390.6;335.9;335.9;343.8;343.8;351.6;351.6;351.6;343.8;343.8;351.6;335.9;375.0;375.0;367.2;367.2;179.7;179.7;179.7;179.7;359.4;367.2;335.9;335.9;304.7;304.7;296.9;312.5;312.5;296.9;296.9;304.7;335.9;312.5;312.5;148.4;281.2;304.7;304.7;312.5;312.5;328.1;289.1;289.1;335.9;312.5;328.1;328.1;390.6;359.4;359.4;312.5;328.1;328.1;320.3;328.1;328.1;328.1;281.2;281.2;335.9;179.7;179.7;351.6;351.6;171.9;335.9;335.9;343.8;351.6;351.6	4.815	312.5	117.2	O	0	grunts
